Rice_3_59649	SUSU	94.982	279	14	0	1	279	279	1	2.39e-124	441
Rice_3_59649	Helitron-N85B_OS	75.877	228	42	4	1	226	626	410	4.06e-39	158
Rice_1_184166	TESS	96.311	244	8	1	1	243	244	1	7.70e-111	396
Rice_1_69321	hAT-N6_OS	93.701	127	5	1	4	127	29	155	8.43e-50	192
Rice_1_69321	MuDR-N140_OS	80.315	127	19	4	8	131	606	483	3.36e-23	104
Rice_1_69321	hAT-N8_OS	71.756	131	31	3	6	131	31	160	1.03e-10	62.6
Rice_1_69321	hAT-N51_OS	69.697	132	31	4	8	131	231	101	2.27e-06	48.2
Rice_2_19117	hAT-N6_OS	92.823	209	5	2	9	207	31	239	7.35e-85	309
Rice_2_19117	MuDR-N140_OS	76.500	200	38	5	11	207	606	413	3.35e-32	134
Rice_1_39049	STOWAWAY17_OS	99.228	259	2	0	1	259	259	1	8.25e-130	459
Rice_1_39049	STOWAWAY40_OS	75.105	237	58	1	24	259	26	262	1.08e-39	159
Rice_1_39049	STOWAWAY10_OS	71.292	209	56	3	28	234	28	234	1.08e-20	96.9
Rice_1_143096	STOWAWAY17_OS	99.194	248	2	0	1	248	248	1	8.77e-124	439
Rice_1_143096	STOWAWAY40_OS	75.314	239	58	1	13	250	26	264	1.00e-40	163
Rice_1_143096	STOWAWAY45_OS	69.547	243	67	4	13	250	26	266	1.22e-20	96.9
Rice_1_167884	hAT-N31_OS	96.686	513	12	5	1	508	513	1	0.0	830
Rice_1_134944	MuDR-N257_OS	97.122	139	1	1	7	142	7	145	1.05e-61	232
Rice_1_134944	MuDR-N257_OS	97.122	139	1	1	1	136	145	7	1.05e-61	232
Rice_2_58094	MuDR-N257_OS	97.849	93	2	0	1	93	119	27	3.24e-40	159
Rice_2_58094	MuDR-N257_OS	92.708	96	1	2	1	93	27	119	1.06e-33	138
Rice_1_124245	MuDR-N257_OS	84.071	113	6	2	1	113	13	113	8.58e-30	125
Rice_1_124245	MuDR-N257_OS	81.416	113	9	2	1	113	133	33	1.89e-25	111
Rice_2_53218	OSTE26	76.667	90	14	3	11	94	395	307	2.73e-10	60.8
Rice_2_53218	OSTE26	72.277	101	15	3	6	94	147	246	1.16e-08	55.4
Rice_2_53218	OSTE26	74.713	87	18	2	6	89	474	559	4.06e-08	53.6
Rice_2_20213	hAT-N18_OS	98.364	489	5	3	1	487	488	1	0.0	836
Rice_1_119546	STOWAWAY35_OS	84.677	248	30	2	1	240	1	248	1.79e-74	275
Rice_1_119546	STOWAWAY49_OS	82.988	241	36	5	1	240	3	239	1.91e-61	232
Rice_2_30967	STOWAWAY49_OS	83.750	240	36	3	1	240	3	239	8.68e-66	246
Rice_2_30967	STOWAWAY35_OS	70.281	249	64	5	1	240	1	248	2.33e-22	102
Rice_1_93968	STOWAWAY49_OS	90.909	242	18	4	1	241	239	1	3.95e-89	324
Rice_1_93968	STOWAWAY35_OS	76.000	250	47	8	1	239	248	1	1.21e-38	156
Rice_3_62218	Harbinger-N57_OS	99.772	438	0	1	1	437	1	438	0.0	782
Rice_2_156808	MuDR-N20C_OS	99.788	943	0	1	1	941	943	1	0.0	1689
Rice_1_140448	MuDR-N75_OS	99.759	831	2	0	1	831	1	831	0.0	1490
Rice_2_91664	MuDR-N9_OS	67.921	558	136	13	1	531	1	542	2.47e-45	179
Rice_2_91664	MuDR-N9_OS	67.877	551	148	13	1	531	542	1	1.90e-40	163
Rice_2_91664	MuDR-N355_OS	66.310	561	150	9	1	531	552	1	2.31e-39	159
Rice_2_91664	MuDR-N355_OS	66.310	561	150	11	1	531	1	552	4.19e-36	149
Rice_3_155048	MuDR-N9_OS	93.091	550	8	3	2	530	2	542	0.0	834
Rice_3_155048	MuDR-N9_OS	74.088	548	116	11	2	530	541	1	3.23e-88	322
Rice_3_145247	MuDR-N32_OS	98.496	665	7	1	1	662	665	1	0.0	1153
Rice_3_173133	DNA9-N2_OS	93.233	399	8	1	1	380	14	412	3.12e-175	610
Rice_3_173133	DNA9-N2B_OS	72.165	388	55	8	2	380	15	358	4.65e-59	224
Rice_3_59432	MuDR-N17_OS	82.143	196	26	7	1	193	546	357	1.32e-43	172
Rice_3_59432	MuDR-N17_OS	78.261	184	25	5	35	205	358	539	6.39e-35	143
Rice_2_102724	MuDR-N36_OS	86.449	214	23	3	43	252	197	408	2.69e-66	248
Rice_2_102724	MuDR-N46_OS	84.722	216	32	1	43	257	307	522	4.87e-63	237
Rice_2_102724	MuDR-N46_OS	67.857	224	49	9	1	216	524	316	7.74e-10	60.8
Rice_2_96039	hAT-N41B_OS	90.659	1092	19	19	1	1030	1071	1	0.0	1499
Rice_1_79141	hAT-N15_OS	97.260	730	4	2	1	714	1	730	0.0	1232
Rice_3_5115	LTR-40_OS-LTR	94.161	274	0	1	1	258	5	278	1.14e-121	432
Rice_3_5115	LTR-12_OS-LTR	74.775	222	45	10	38	255	28	242	1.40e-25	113
Rice_3_48003	MuDR-N18H_OS	97.214	359	9	1	7	364	2967	2609	5.38e-172	600
Rice_3_48003	CASTAWAY	88.736	364	41	0	1	364	1	364	1.88e-133	471
Rice_3_48003	Helitron-N65_OS	71.293	317	81	4	1	313	1587	1897	2.30e-37	152
Rice_2_9203	CASTAWAY	85.165	364	54	0	63	426	364	1	5.25e-116	414
Rice_2_9203	MuDR-N18H_OS	82.369	363	63	1	59	420	2605	2967	8.33e-101	363
Rice_3_56614	CASTAWAY	91.758	364	30	0	1	364	364	1	1.19e-148	522
Rice_3_56614	MuDR-N18H_OS	81.894	359	64	1	1	358	2609	2967	4.44e-97	351
Rice_1_200152	CASLET	92.373	354	27	0	1	354	1	354	4.90e-147	517
Rice_2_154971	CASGRANDA	79.318	469	54	8	1	430	465	1	1.85e-115	412
Rice_1_163913	CASGRANDA	97.228	469	8	3	3	470	465	1	0.0	778
Rice_1_75735	TYPEH	90.615	309	20	1	1	300	1	309	4.68e-121	430
Rice_2_51210	TYPEH	71.802	344	61	6	1	343	309	1	3.00e-48	188
Rice_2_89676	STOWAWAY46_OS	81.944	144	5	1	1	123	1	144	1.61e-39	158
Rice_2_89676	STOWAWAY46_OS	81.250	144	6	1	1	123	144	1	6.85e-38	152
Rice_2_89676	hAT-N43B_OS	80.690	145	6	1	1	123	2281	2137	2.39e-37	150
Rice_2_89676	hAT-N43B_OS	78.621	145	9	1	1	123	2137	2281	1.51e-33	138
Rice_2_89676	STOWAWAY15-2_OS	75.862	145	13	1	1	123	1	145	4.05e-28	120
Rice_2_89676	STOWAWAY15-2_OS	75.172	145	14	1	1	123	145	1	1.72e-26	114
Rice_2_89676	STOWAWAY30-2_OS	78.049	123	24	1	1	123	120	1	1.32e-21	98.7
Rice_2_89676	STOWAWAY30-2_OS	75.200	125	24	3	1	123	1	120	1.24e-15	78.8
Rice_2_89676	STOWAWAY47_OS	72.109	147	14	5	1	123	1	144	1.02e-16	82.4
Rice_2_89676	Helitron-N54_OS	76.852	108	14	5	15	120	733	635	6.42e-13	69.8
Rice_2_89676	Helitron-N54_OS	71.560	109	18	5	4	109	635	733	7.33e-06	46.4
Rice_1_19232	STOWAWAY15-2_OS	71.034	145	7	1	1	110	1	145	3.30e-22	100
Rice_1_19232	STOWAWAY46_OS	72.222	144	6	1	1	110	1	144	7.77e-24	105
Rice_1_19232	STOWAWAY46_OS	71.528	144	7	1	1	110	144	1	9.46e-23	102
Rice_1_19232	TREP220	74.545	110	23	2	1	110	105	1	1.95e-12	68.0
Rice_1_19232	TREP220	70.909	110	27	2	1	110	1	105	5.24e-07	50.0
Rice_2_178096	STOWAWAY46_OS	72.222	144	14	2	1	118	1	144	1.53e-20	95.1
Rice_2_178096	STOWAWAY46_OS	71.528	144	15	2	1	118	144	1	6.52e-19	89.7
Rice_2_178096	STOWAWAY15-2_OS	71.034	145	15	2	1	118	1	145	2.27e-18	87.8
Rice_2_178096	STOWAWAY15-2_OS	69.655	145	17	2	1	118	145	1	1.18e-15	78.8
Rice_2_178096	hAT-N43B_OS	70.548	146	14	4	1	118	2281	2137	1.18e-15	78.8
Rice_2_178096	hAT-N43B_OS	67.808	146	18	4	1	118	2137	2281	3.16e-10	60.8
Rice_2_178096	STOWAWAY30-2_OS	71.901	121	30	4	1	118	120	1	1.64e-07	51.8
Rice_3_106296	STOWAWAY47_OS	81.944	144	5	2	1	123	1	144	6.85e-38	152
Rice_3_106296	STOWAWAY47_OS	81.250	144	6	2	1	123	144	1	8.34e-37	149
Rice_3_106296	TREP220	76.423	123	11	1	1	123	1	105	3.11e-23	104
Rice_3_106296	TREP220	71.545	123	17	2	1	123	105	1	1.84e-13	71.6
Rice_3_106296	STOWAWAY46_OS	72.603	146	15	5	1	123	1	144	2.91e-17	84.2
Rice_3_106296	STOWAWAY46_OS	71.918	146	16	5	1	123	144	1	1.24e-15	78.8
Rice_3_106296	hAT-N43B_OS	69.444	144	22	3	1	123	594	736	2.24e-12	68.0
Rice_3_106296	Helitron-N67B_OS	69.718	142	22	3	1	123	351	490	2.24e-12	68.0
Rice_3_106296	STOWAWAY26_OS	71.875	128	17	4	1	123	1	114	2.24e-12	68.0
Rice_3_106296	STOWAWAY26_OS	70.312	128	19	7	1	123	114	1	7.33e-06	46.4
Rice_2_70962	STOWAWAY1_OS	96.667	150	4	1	7	156	1	149	2.00e-65	244
Rice_2_70962	STOWAWAY1_OS	96.667	150	4	1	7	156	149	1	2.00e-65	244
Rice_2_70962	MuDR-97_OS	86.624	157	21	0	5	161	5140	4984	1.35e-48	188
Rice_2_70962	MuDR-97_OS	85.350	157	23	0	2	158	4984	5140	6.97e-46	179
Rice_2_70962	Helitron-N89_OS	83.648	159	24	1	1	159	470	626	4.40e-42	167
Rice_2_70962	Helitron-N89_OS	84.106	151	22	1	11	161	619	471	1.87e-40	161
Rice_2_70962	DNA-21_OS	82.716	162	24	1	1	158	117	278	1.54e-41	165
Rice_2_70962	DNA-21_OS	81.481	162	26	1	4	161	279	118	7.96e-39	156
Rice_2_70962	MuDR-N121_OS	83.766	154	23	2	5	158	797	948	2.28e-39	158
Rice_2_70962	MuDR-N121_OS	83.226	155	24	2	5	159	948	796	7.96e-39	156
Rice_2_70962	STOWAWAY50_OS	71.765	170	28	2	7	156	1	170	5.37e-22	100
Rice_2_70962	STOWAWAY50_OS	71.765	170	28	2	7	156	170	1	5.37e-22	100
Rice_1_29310	STOWAWAY1_OS	80.667	150	1	3	1	123	1	149	6.85e-38	152
Rice_1_29310	STOWAWAY1_OS	79.195	149	5	1	1	123	149	1	8.34e-37	149
Rice_1_29310	MuDR-97_OS	72.667	150	14	2	1	123	5138	4989	1.09e-22	102
Rice_1_29310	MuDR-97_OS	71.233	146	15	3	1	119	4989	5134	8.35e-18	86.0
Rice_2_154156	DNA-21_OS	92.857	154	7	1	1	150	276	123	1.36e-60	228
Rice_2_154156	DNA-21_OS	85.065	154	19	1	1	150	123	276	2.63e-44	174
Rice_2_154156	MuDR-97_OS	90.411	146	14	0	5	150	5134	4989	1.89e-52	201
Rice_2_154156	MuDR-97_OS	88.356	146	17	0	1	146	4989	5134	4.17e-48	187
Rice_2_154156	MuDR-N121_OS	89.796	147	14	1	4	150	801	946	2.81e-50	194
Rice_2_154156	MuDR-N121_OS	88.514	148	16	1	1	148	946	800	4.17e-48	187
Rice_2_154156	Helitron-N89_OS	83.221	149	23	1	1	149	476	622	2.47e-38	154
Rice_2_154156	Helitron-N89_OS	83.562	146	22	1	5	150	619	476	8.61e-38	152
Rice_2_154156	STOWAWAY1_OS	83.333	150	24	1	1	150	1	149	2.47e-38	154
Rice_2_154156	STOWAWAY1_OS	81.333	150	27	1	1	150	149	1	1.56e-34	141
Rice_2_154156	STOWAWAY50_OS	76.471	170	20	2	1	150	1	170	6.62e-33	136
Rice_2_154156	STOWAWAY50_OS	76.471	170	20	2	1	150	170	1	6.62e-33	136
Rice_2_154156	MuDR-68_OS	67.742	155	15	4	6	150	15114	14985	2.82e-12	68.0
Rice_3_180876	STOWAWAY1_OS	79.470	151	27	2	1	149	1	149	3.40e-30	127
Rice_3_180876	STOWAWAY1_OS	77.632	152	28	4	1	149	149	1	9.13e-25	109
Rice_3_180876	MuDR-97_OS	79.470	151	28	3	1	149	4989	5138	1.45e-28	122
Rice_3_180876	MuDR-97_OS	79.054	148	26	3	5	149	5134	4989	1.76e-27	118
Rice_3_180876	MuDR-N121_OS	79.054	148	29	2	3	149	800	946	5.05e-28	120
Rice_3_180876	MuDR-N121_OS	78.231	147	30	2	1	146	946	801	2.15e-26	114
Rice_3_180876	DNA-21_OS	75.974	154	32	2	1	149	276	123	3.19e-24	107
Rice_3_180876	Helitron-N89_OS	76.552	145	33	1	1	145	476	619	1.11e-23	105
Rice_3_180876	STOWAWAY50_OS	68.824	170	32	1	1	149	1	170	1.27e-16	82.4
Rice_3_180876	STOWAWAY50_OS	68.235	170	33	2	1	149	170	1	6.57e-14	73.4
Rice_3_180876	MuDR-68_OS	69.444	144	30	5	1	144	14985	15114	2.15e-07	51.8
Rice_1_10213	MuDR-N121_OS	81.757	148	6	2	3	130	800	946	6.01e-39	156
Rice_1_10213	MuDR-N121_OS	81.081	148	7	2	1	128	946	800	2.56e-37	150
Rice_1_10213	DNA-21_OS	79.870	154	7	2	1	130	276	123	2.56e-37	150
Rice_1_10213	DNA-21_OS	79.221	154	8	2	1	130	123	276	3.11e-36	147
Rice_1_10213	MuDR-97_OS	79.452	146	10	1	1	126	4989	5134	1.32e-34	141
Rice_1_10213	MuDR-97_OS	78.767	146	11	1	5	130	5134	4989	1.61e-33	138
Rice_1_10213	STOWAWAY1_OS	76.510	149	16	1	1	130	1	149	3.55e-29	123
Rice_1_10213	STOWAWAY1_OS	76.510	149	16	2	1	130	149	1	4.33e-28	120
Rice_1_10213	MuDR-68_OS	79.286	140	14	3	1	130	15119	14985	1.24e-28	122
Rice_1_10213	MuDR-68_OS	77.143	140	17	3	1	130	14985	15119	7.83e-25	109
Rice_1_10213	STOWAWAY50_OS	71.176	170	9	2	1	130	1	170	6.42e-26	113
Rice_1_10213	STOWAWAY50_OS	69.412	170	12	1	1	130	170	1	3.33e-23	104
Rice_1_10213	Helitron-N89_OS	74.830	147	19	1	1	129	476	622	2.24e-25	111
Rice_1_10213	Helitron-N89_OS	74.150	147	20	1	2	130	622	476	9.53e-24	105
Rice_1_156573	MuDR-97_OS	94.382	89	4	1	1	88	5031	5119	1.22e-32	134
Rice_1_156573	MuDR-97_OS	88.764	89	9	1	1	88	5096	5008	3.99e-26	113
Rice_1_156573	DNA-21_OS	88.298	94	6	2	1	89	165	258	3.27e-27	116
Rice_1_156573	DNA-21_OS	88.889	90	9	1	1	89	230	141	1.14e-26	114
Rice_1_156573	MuDR-N121_OS	86.667	90	11	1	1	89	905	816	5.92e-24	105
Rice_1_156573	MuDR-N121_OS	85.556	90	11	2	1	89	840	928	3.06e-21	96.9
Rice_1_156573	Helitron-N89_OS	86.364	88	11	1	1	88	581	495	7.21e-23	102
Rice_1_156573	Helitron-N89_OS	86.517	89	9	2	1	88	518	604	2.52e-22	100
Rice_1_156573	STOWAWAY1_OS	84.091	88	14	0	1	88	107	20	3.06e-21	96.9
Rice_1_156573	STOWAWAY1_OS	85.393	89	11	2	1	88	43	130	1.07e-20	95.1
Rice_2_143569	Helitron-N121_OS	83.516	91	12	1	1	88	4057	4147	1.07e-20	95.1
Rice_2_143569	MuDR-97_OS	83.951	81	9	2	13	89	5069	4989	6.75e-17	82.4
Rice_1_27531	STOWAWAY47_OS	90.278	144	14	0	1	144	1	144	2.20e-51	197
Rice_1_27531	STOWAWAY47_OS	90.278	144	14	0	1	144	144	1	2.20e-51	197
Rice_1_27531	hAT-N43B_OS	87.500	144	17	1	1	144	594	736	7.19e-45	176
Rice_1_27531	hAT-N43B_OS	86.111	144	19	1	1	144	736	594	3.72e-42	167
Rice_1_27531	Helitron-N67B_OS	84.722	144	18	3	1	144	490	351	2.86e-37	150
Rice_1_27531	Helitron-N67B_OS	84.028	144	19	3	1	144	351	490	3.49e-36	147
Rice_1_27531	hAT-N43_OS	85.496	131	18	1	14	144	1152	1281	3.49e-36	147
Rice_1_27531	hAT-N43_OS	83.969	131	20	1	1	131	1281	1152	1.81e-33	138
Rice_1_27531	STOWAWAY46_OS	78.767	146	27	4	1	144	144	1	8.77e-25	109
Rice_1_27531	STOWAWAY46_OS	78.082	146	28	4	1	144	1	144	1.07e-23	105
Rice_1_27531	STOWAWAY15-2_OS	75.000	148	30	5	1	144	1	145	3.49e-17	84.2
Rice_1_27531	STOWAWAY15-2_OS	75.000	148	30	5	1	144	145	1	3.49e-17	84.2
Rice_1_27531	STOWAWAY15_OS	74.150	147	33	4	1	144	1	145	4.25e-16	80.6
Rice_1_27531	STOWAWAY15_OS	74.150	147	33	4	1	144	145	1	4.25e-16	80.6
Rice_2_68803	STOWAWAY47_OS	86.111	144	20	0	1	144	1	144	3.06e-43	170
Rice_2_68803	STOWAWAY47_OS	86.111	144	20	0	1	144	144	1	3.06e-43	170
Rice_2_68803	STOWAWAY46_OS	84.138	145	21	2	1	144	1	144	2.86e-37	150
Rice_2_68803	STOWAWAY46_OS	82.759	145	23	2	1	144	144	1	1.48e-34	141
Rice_2_68803	hAT-N43B_OS	77.778	144	31	1	1	144	736	594	7.19e-26	113
Rice_2_68803	hAT-N43B_OS	76.552	145	33	1	1	144	2281	2137	1.07e-23	105
Rice_2_68803	hAT-N43B_OS	75.000	144	35	1	1	144	594	736	1.93e-20	95.1
Rice_2_68803	hAT-N43B_OS	72.414	145	39	1	1	144	2137	2281	1.48e-15	78.8
Rice_2_68803	STOWAWAY15_OS	76.027	146	32	2	1	144	1	145	4.54e-22	100
Rice_2_68803	STOWAWAY15_OS	74.830	147	32	4	1	144	145	1	1.00e-17	86.0
Rice_2_68803	STOWAWAY15-2_OS	76.190	147	30	3	1	144	1	145	1.58e-21	98.7
Rice_2_68803	STOWAWAY15-2_OS	76.190	147	30	3	1	144	145	1	1.58e-21	98.7
Rice_2_68803	Helitron-N67B_OS	76.389	144	30	3	1	144	351	490	5.53e-21	96.9
Rice_2_68803	Helitron-N67B_OS	76.389	144	30	3	1	144	490	351	5.53e-21	96.9
Rice_2_110613	STOWAWAY47_OS	86.207	145	19	1	1	145	144	1	1.08e-42	168
Rice_2_110613	STOWAWAY47_OS	85.517	145	20	1	1	145	1	144	4.57e-41	163
Rice_2_110613	STOWAWAY15_OS	82.313	147	22	3	1	145	1	145	1.82e-33	138
Rice_2_110613	STOWAWAY15_OS	81.633	147	23	3	1	145	145	1	2.22e-32	134
Rice_2_110613	Helitron-N67B_OS	80.000	145	24	4	1	145	351	490	1.71e-27	118
Rice_2_110613	Helitron-N67B_OS	76.552	145	29	4	1	145	490	351	1.95e-20	95.1
Rice_2_110613	hAT-N43B_OS	78.621	145	29	2	1	145	594	736	2.08e-26	114
Rice_2_110613	hAT-N43B_OS	77.241	145	31	2	1	145	736	594	1.08e-23	105
Rice_2_110613	STOWAWAY46_OS	76.871	147	29	5	1	145	144	1	1.95e-20	95.1
Rice_2_110613	STOWAWAY46_OS	75.676	148	29	5	1	145	1	144	8.28e-19	89.7
Rice_2_110613	STOWAWAY15-2_OS	72.603	146	38	2	1	145	145	1	5.22e-15	77.0
Rice_2_110613	STOWAWAY15-2_OS	71.622	148	36	4	1	145	1	145	9.44e-12	66.2
Rice_3_210247	Helitron-N67B_OS	69.014	142	17	3	1	117	351	490	6.04e-13	69.8
Rice_3_210247	hAT-N43B_OS	68.056	144	18	2	1	117	594	736	6.04e-13	69.8
Rice_3_210247	TREP220	76.923	117	15	2	1	117	1	105	1.85e-19	91.5
Rice_3_210247	TREP220	73.504	117	19	2	1	117	105	1	4.96e-14	73.4
Rice_2_190254	STOWAWAY46_OS	95.172	145	6	1	1	145	1	144	4.57e-60	226
Rice_2_190254	STOWAWAY46_OS	93.793	145	8	1	1	145	144	1	2.37e-57	217
Rice_2_190254	STOWAWAY15-2_OS	87.586	145	18	0	1	145	1	145	1.70e-46	181
Rice_2_190254	STOWAWAY15-2_OS	87.586	145	18	0	1	145	145	1	1.70e-46	181
Rice_2_190254	hAT-N43B_OS	86.897	145	19	0	1	145	2137	2281	7.25e-45	176
Rice_2_190254	hAT-N43B_OS	86.897	145	19	0	1	145	2281	2137	7.25e-45	176
Rice_2_190254	hAT-N43B_OS	75.342	146	32	4	1	145	594	736	2.89e-18	87.8
Rice_2_190254	hAT-N43B_OS	73.973	146	34	4	1	145	736	594	1.50e-15	78.8
Rice_2_190254	STOWAWAY47_OS	85.714	147	16	5	1	145	1	144	8.27e-38	152
Rice_2_190254	STOWAWAY47_OS	85.714	147	16	5	1	145	144	1	8.27e-38	152
Rice_2_190254	Helitron-N67B_OS	74.830	147	28	7	1	145	351	490	1.82e-14	75.2
Rice_2_190254	Helitron-N67B_OS	74.830	147	28	7	1	145	490	351	1.82e-14	75.2
Rice_2_190254	STOWAWAY15_OS	69.595	148	39	5	1	145	145	1	2.53e-06	48.2
Rice_1_53708	MuDR-97_OS	75.229	109	6	1	1	88	5010	5118	4.48e-19	89.7
Rice_1_53708	MuDR-97_OS	73.394	109	8	1	1	88	5117	5009	2.32e-16	80.6
Rice_1_53708	MuDR-N121_OS	72.477	109	8	2	1	88	819	926	3.44e-14	73.4
Rice_1_53708	DNA-21_OS	74.257	101	5	1	1	80	144	244	2.32e-16	80.6
Rice_1_53708	Helitron-N89_OS	73.786	103	8	1	5	88	501	603	2.83e-15	77.0
Rice_1_53708	MuDR-68_OS	72.857	70	16	1	19	88	15071	15005	7.10e-04	39.2
Rice_1_75793	STOWAWAY1_OS	69.799	149	3	1	1	107	1	149	3.19e-22	100
Rice_1_75793	STOWAWAY1_OS	69.799	149	3	1	1	107	149	1	3.19e-22	100
Rice_1_75793	STOWAWAY25_OS	74.074	108	22	5	1	107	1	103	1.45e-07	51.8
Rice_1_75793	STOWAWAY25_OS	74.074	108	22	5	1	107	103	1	1.45e-07	51.8
Rice_1_100363	MIDWAY	83.000	100	11	1	2	101	458	551	7.42e-24	105
Rice_1_100363	MIDWAY	76.699	103	18	1	1	103	556	460	1.03e-15	78.8
Rice_1_100363	STOWAWAY25_OS	80.189	106	18	3	1	106	103	1	6.95e-18	86.0
Rice_1_100363	STOWAWAY25_OS	73.585	106	25	3	1	106	1	103	1.18e-08	55.4
Rice_1_100363	MuDR-68_OS	66.912	136	14	4	1	106	15119	14985	4.11e-08	53.6
Rice_3_153994	TREP220	80.556	108	18	1	11	118	1	105	1.45e-21	98.7
Rice_3_153994	TREP220	75.000	108	24	2	11	118	105	1	2.46e-12	68.0
Rice_3_153994	Helitron-N67B_OS	69.178	146	9	3	9	120	349	492	3.90e-16	80.6
Rice_2_162666	Helitron-N67B_OS	78.322	143	12	4	1	127	490	351	1.47e-27	118
Rice_2_162666	Helitron-N67B_OS	72.535	142	22	5	1	127	351	490	5.48e-14	73.4
Rice_2_162666	hAT-N43B_OS	76.923	143	17	2	1	127	736	594	1.79e-26	114
Rice_3_35556	STOWAWAY47_OS	74.150	147	23	5	1	135	1	144	9.34e-18	86.0
Rice_3_35556	STOWAWAY47_OS	74.150	147	23	5	1	135	144	1	9.34e-18	86.0
Rice_3_35556	Helitron-N67B_OS	74.825	143	25	6	1	135	351	490	1.39e-15	78.8
Rice_3_35556	Helitron-N67B_OS	73.973	146	21	7	1	135	490	351	4.84e-15	77.0
Rice_3_35556	hAT-N43B_OS	70.748	147	27	5	1	135	594	736	3.05e-11	64.4
Rice_3_34442	FOCUS	71.374	262	67	8	2	260	1	257	2.10e-23	105
Rice_3_116479	FOCUS	72.835	254	57	8	2	250	252	6	2.62e-28	122
Rice_1_10555	STOLAB	74.441	313	65	6	3	301	312	1	7.55e-49	190
Rice_1_75452	STOLAB	78.135	311	56	2	1	299	311	1	6.15e-69	257
Rice_1_137880	STOLAB	96.154	312	12	0	1	312	312	1	6.35e-145	509
Rice_2_77789	DS-RICE4N	88.608	711	45	5	1	675	713	3	0.0	928
Rice_3_117511	hAT-N55_OS	99.319	587	2	1	1	587	1	585	0.0	1038
Rice_1_189481	CLOUD	95.430	744	24	4	1	744	1	734	0.0	1180
Rice_1_189481	CLOUD	81.654	774	72	9	1	744	734	1	0.0	778
Rice_1_204962	hAT-N20B_OS	98.486	991	13	2	1	989	1	991	0.0	1712
Rice_3_203918	hAT-N28_OS	99.054	740	2	1	1	735	740	1	0.0	1303
Rice_1_90513	CACTA-P	77.953	127	13	6	1	125	1045	932	7.19e-19	89.7
Rice_1_90513	CACTA-P	76.923	130	15	6	1	128	933	1049	8.76e-18	86.0
Rice_1_90513	EnSpm-26_OS	72.072	111	15	4	25	128	264	163	4.25e-09	57.2
Rice_1_129945	CACTA-P	82.927	82	12	2	1	81	943	1023	7.24e-16	78.8
Rice_1_129945	CACTA-P	82.895	76	5	3	9	79	910	982	3.08e-14	73.4
Rice_1_129945	CACTA-P	84.211	76	8	3	8	81	1028	955	3.08e-14	73.4
Rice_1_129945	CACTA-P	79.167	72	7	2	15	81	982	914	1.94e-10	60.8
Rice_1_129945	Helitron-N144_OS	83.562	73	11	1	8	80	2302	2231	8.82e-15	75.2
Rice_1_129945	Helitron-N73_OS	79.487	78	10	2	9	81	1220	1296	4.57e-12	66.2
Rice_1_129945	Helitron-N73_OS	75.000	68	6	3	7	72	1258	1200	5.21e-05	42.8
Rice_1_129945	EnSpm-26_OS	75.000	80	8	4	11	81	144	220	1.23e-06	48.2
Rice_1_129945	EnSpm-26_OS	72.840	81	11	3	11	81	307	228	1.49e-05	44.6
Rice_1_129945	EnSpm-26_OS	72.727	77	13	3	11	80	222	147	6.35e-04	39.2
Rice_1_129945	EnSpm-19_OS	70.886	79	15	2	11	81	11316	11238	0.002	37.4
Rice_1_129945	EnSpm-19_OS	70.732	82	10	4	11	81	11236	11314	0.008	35.6
Rice_1_14981	MuDR-N263_OS	96.607	560	7	3	1	548	13	572	0.0	922
Rice_3_15476	DNA8-1B_OS	92.747	648	39	5	3	643	647	1	0.0	942
Rice_3_15476	DNA8-1_OS	88.401	638	56	10	11	643	626	2	0.0	789
Rice_2_119556	DNA8-1_OS	96.560	814	11	6	1	804	1	807	0.0	1330
Rice_1_140090	ZM13-1_OS	96.403	139	5	0	2	140	1	139	1.28e-60	228
Rice_1_140090	ZM13-1_OS	73.571	140	35	2	2	140	139	1	1.46e-15	78.8
Rice_1_140090	EnSpm-16_OS	84.173	139	16	3	8	141	8089	8226	4.18e-35	143
Rice_1_27808	ZM13-1_OS	73.381	139	7	3	1	109	1	139	1.18e-21	98.7
Rice_1_27808	EnSpm-16_OS	67.143	140	12	5	7	112	8089	8228	4.40e-08	53.6
Rice_1_57903	hAT-N3_OS	96.501	686	16	3	1	678	686	1	0.0	1122
Rice_1_82787	DS-RICE3N	92.395	526	29	3	1	516	525	1	0.0	765
Rice_2_92115	hAT-N54_OS	100.000	515	0	0	1	515	1	515	0.0	930
Rice_3_18955	DNA9-76_OS	87.273	110	11	3	2	110	116	9	8.30e-30	125
Rice_3_18955	DNA9-76_OS	85.455	110	15	1	1	110	7	115	2.90e-29	123
Rice_1_50350	DNA9-76_OS	80.734	109	9	1	1	97	8	116	5.51e-25	109
Rice_1_50350	DNA9-76_OS	80.000	80	14	2	1	80	116	39	5.89e-12	66.2
Rice_2_110078	DNA9-76_OS	78.571	84	9	4	14	93	85	7	2.34e-10	60.8
Rice_2_110078	MuDR-N282_OS	76.042	96	13	5	2	93	96	7	2.85e-09	57.2
Rice_3_44790	Harbinger-N4_OS	78.780	410	77	6	1	404	406	1	1.62e-90	329
Rice_3_184370	Harbinger-N4_OS	100.000	406	0	0	1	406	1	406	0.0	733
Rice_1_66833	TYPEM	93.833	227	6	2	1	219	1	227	1.09e-95	345
Rice_2_115009	TYPEM	92.070	227	10	2	15	233	1	227	3.43e-90	327
Rice_2_55742	TNR2A	90.210	143	7	3	1	137	6	147	1.07e-48	188
Rice_2_55742	TNR2A	81.379	145	16	6	1	137	147	6	3.75e-29	123
Rice_2_55742	TNR2	87.879	132	16	0	6	137	17	148	3.51e-42	167
Rice_1_74203	TNR2A	92.523	107	3	2	1	102	129	23	5.43e-38	152
Rice_1_74203	TNR2A	78.899	109	14	5	1	102	24	130	9.82e-16	78.8
Rice_1_74203	TNR2	85.057	87	10	2	17	102	114	30	4.46e-20	93.3
Rice_2_134662	CLOUD-7	93.306	493	26	4	1	486	2	494	0.0	729
Rice_2_134662	CLOUD-7	88.844	493	48	4	1	486	494	2	0.0	630
Rice_1_101217	CLOUD-7	83.908	522	37	12	1	504	494	2	3.45e-157	551
Rice_1_101217	CLOUD-7	83.398	518	47	11	1	504	2	494	9.27e-152	533
Rice_2_189500	CLOUD-6	76.616	526	84	7	1	505	1	508	4.82e-111	398
Rice_2_189500	CLOUD-6	75.432	521	99	8	1	505	508	1	1.80e-97	352
Rice_2_136607	CLOUD-6	97.441	508	12	1	1	507	1	508	0.0	854
Rice_2_136607	CLOUD-6	76.550	516	104	13	1	507	508	1	3.26e-94	342
Rice_1_120306	CLOUD-6	81.264	459	45	7	1	418	26	484	8.69e-126	446
Rice_1_120306	CLOUD-6	73.753	461	76	8	1	418	483	25	4.22e-79	291
Rice_3_139163	MuDR-N21_OS	99.653	864	3	0	3	866	864	1	0.0	1544
Rice_1_138847	hAT-N13_OS	97.059	306	8	1	1	305	306	1	2.16e-144	508
Rice_3_176123	hAT-N13_OS	83.607	305	7	2	1	262	2	306	2.60e-98	354
Rice_2_49847	DNA9-49_OS	92.845	601	4	7	5	566	601	1	0.0	893
Rice_3_68495	DNA9-49_OS	76.064	564	62	14	1	506	42	590	2.19e-115	412
Rice_3_65123	hAT-N90_OS	83.778	487	54	6	1	463	490	5	1.87e-147	518
Rice_3_65123	hAT-N84_OS	81.075	465	75	7	1	463	458	5	3.16e-119	425
Rice_3_65123	hAT-N109_OS	73.605	466	111	6	5	463	465	5	1.54e-72	269
Rice_1_99831	hAT-N84_OS	93.777	466	21	7	1	462	1	462	0.0	690
Rice_1_99831	hAT-N90_OS	72.636	497	94	14	3	462	3	494	2.77e-69	259
Rice_1_99831	hAT-N109_OS	72.765	481	104	12	1	462	1	473	5.02e-66	248
Rice_3_126186	hAT-N32_OS	83.589	457	30	15	1	420	1	449	1.38e-129	459
Rice_2_146983	hAT-N84_OS	67.478	452	116	17	14	447	14	452	1.09e-23	107
Rice_2_126559	hAT-N32_OS	77.874	461	88	9	1	459	1	449	8.42e-95	343
Rice_2_140847	DNA9-N4_OS	99.585	241	0	1	1	241	17	256	4.50e-120	426
Rice_2_140847	MuDR-N103B_OS	80.952	210	20	2	1	201	17	215	2.19e-54	208
Rice_2_140847	MuDR-N175_OS	83.938	193	29	2	1	192	397	206	9.32e-53	203
Rice_3_34027	MuDR-N175_OS	73.804	397	82	10	1	380	11	402	4.65e-59	224
Rice_3_128033	MuDR-N115_OS	98.956	383	3	1	1	382	11	393	0.0	670
Rice_2_24383	hAT-N2C_OS	98.195	554	5	2	1	549	556	3	0.0	949
Rice_1_35264	F1275	81.818	154	26	1	2	155	1	152	1.14e-36	149
Rice_3_92447	F1275	80.000	130	24	1	1	130	16	143	1.86e-26	114
Rice_3_194209	F1275	78.571	154	31	1	1	154	1	152	3.70e-30	127
Rice_2_44898	F1275	76.923	130	28	1	1	130	16	143	4.94e-21	96.9
Rice_3_125006	OSTE28	96.980	298	1	2	1	290	1	298	1.29e-140	495
Rice_3_125006	OSTE28	96.980	298	1	2	1	290	298	1	1.29e-140	495
Rice_2_44219	hAT-N48_OS	91.053	380	29	3	4	380	643	266	4.47e-149	524
Rice_2_754	AMYLTP	75.890	365	74	6	1	352	378	15	3.76e-66	248
Rice_2_754	AMYLTP	75.549	364	73	7	3	352	8	369	1.95e-63	239
Rice_3_146401	AMYLTP	77.663	291	63	1	8	296	51	341	8.42e-61	230
Rice_3_146401	AMYLTP	76.949	295	62	3	6	296	336	44	5.31e-57	217
Rice_1_186122	STOWAWAY48_OS	93.385	257	17	0	1	257	1	257	4.24e-108	387
Rice_1_186122	STOWAWAY28_OS	85.646	209	28	2	49	257	207	1	1.69e-62	235
Rice_1_186122	STOWAWAY34_OS	67.241	232	49	7	40	257	38	256	1.49e-12	69.8
Rice_2_24848	MERMITE18A	86.502	526	63	2	1	518	526	1	5.63e-180	627
Rice_2_24848	MERMITE18A	78.102	548	68	19	1	518	1	526	2.74e-114	408
Rice_1_114672	hAT-N10_OS	100.000	570	0	0	1	570	570	1	0.0	1029
Rice_2_72892	hAT-N10B_OS	99.620	527	2	0	1	527	527	1	0.0	942
Rice_3_179688	hAT-N14B_OS	95.733	539	2	3	1	518	539	1	0.0	874
Rice_3_179688	hAT-N14_OS	75.231	541	67	15	1	518	497	1	2.93e-101	365
Rice_1_206944	hAT-N14_OS	95.775	497	7	3	1	483	1	497	0.0	801
Rice_1_206944	hAT-N14B_OS	76.895	541	65	15	1	483	1	539	1.32e-111	399
Rice_2_117296	hAT-N14D_OS	100.000	622	0	0	1	622	1	622	0.0	1122
Rice_1_17067	hAT-N14C_OS	100.000	643	0	0	1	643	1	643	0.0	1160
Rice_2_89028	MuDR-N66C_OS	73.393	560	125	16	1	551	1	545	6.88e-78	288
Rice_2_9028	MuDR-N66C_OS	97.388	536	13	1	1	535	3	538	0.0	901
Rice_3_6054	Harbinger-N3_OS	99.342	304	1	1	1	303	304	1	4.42e-153	536
Rice_3_6054	Harbinger-N3C_OS	80.000	305	48	4	1	303	294	1	9.78e-73	269
Rice_3_6054	Harbinger-N3D_OS	78.302	318	52	6	1	303	316	1	2.62e-67	251
Rice_3_6054	Harbinger-N3B_OS	70.093	321	73	11	1	303	316	1	3.90e-27	118
Rice_2_170036	Harbinger-N3C_OS	99.660	294	1	0	1	294	294	1	7.74e-150	526
Rice_2_170036	Harbinger-N3_OS	80.328	305	48	3	1	294	304	1	6.37e-75	277
Rice_2_170036	Harbinger-N3D_OS	77.987	318	44	8	1	294	316	1	1.08e-65	246
Rice_2_170036	Harbinger-N3B_OS	68.454	317	76	6	1	294	316	1	1.32e-26	116
Rice_2_8414	STOWAWAY51_OS	91.213	239	19	2	1	237	4	242	7.49e-92	333
Rice_2_8414	STOWAWAY51_OS	70.683	249	51	8	1	237	242	4	1.89e-23	105
Rice_2_8414	STOWAWAY44_OS	87.815	238	26	3	1	237	3	238	8.01e-79	289
Rice_2_8414	STOWAWAY44_OS	70.000	250	48	8	1	237	238	3	6.59e-23	104
Rice_2_8414	STOWAWAY9_OS	86.134	238	29	4	1	237	235	1	9.14e-72	266
Rice_2_8414	Helitron-N157_OS	85.366	205	20	4	4	208	1510	1316	8.02e-60	226
Rice_2_8414	Helitron-N69_OS	78.992	238	45	4	1	237	3098	2865	5.77e-49	190
Rice_2_8414	EnSpm-N28_OS	79.079	239	41	7	1	237	785	1016	5.77e-49	190
Rice_2_8414	Helitron-N174_OS	82.199	191	26	6	49	237	1743	1927	1.55e-43	172
Rice_2_8414	STOWAWAY21_OS	68.000	250	60	10	1	237	243	1	5.78e-11	64.4
Rice_3_168446	STOWAWAY9_OS	96.170	235	9	0	36	270	235	1	5.50e-107	383
Rice_3_168446	STOWAWAY9_OS	71.488	242	55	8	36	270	1	235	2.68e-22	102
Rice_3_168446	Helitron-N157_OS	86.784	227	17	7	33	257	1515	1300	1.92e-68	255
Rice_3_168446	STOWAWAY44_OS	83.402	241	37	3	34	272	1	240	9.95e-66	246
Rice_3_168446	STOWAWAY44_OS	68.980	245	65	7	34	272	240	1	8.75e-16	80.6
Rice_3_168446	STOWAWAY51_OS	80.816	245	35	5	34	270	2	242	1.14e-58	223
Rice_3_168446	STOWAWAY51_OS	67.611	247	64	7	36	272	242	2	4.53e-13	71.6
Rice_2_170515	STOWAWAY9_OS	97.447	235	6	0	34	268	1	235	2.47e-111	398
Rice_2_170515	STOWAWAY9_OS	70.661	242	57	8	34	268	235	1	1.37e-19	93.3
Rice_2_170515	Helitron-N157_OS	85.973	221	19	6	47	265	1300	1510	1.20e-64	242
Rice_2_170515	STOWAWAY44_OS	82.917	240	38	3	32	269	240	2	1.46e-63	239
Rice_2_170515	STOWAWAY51_OS	79.918	244	37	5	34	269	242	3	2.03e-55	212
Rice_2_170515	Helitron-N69_OS	75.806	248	55	4	24	269	2855	3099	9.22e-41	163
Rice_3_23121	STOWAWAY44_OS	95.339	236	8	3	1	233	238	3	3.56e-102	367
Rice_3_23121	STOWAWAY44_OS	75.833	240	47	5	1	233	3	238	2.75e-40	161
Rice_3_23121	Helitron-N69_OS	89.787	235	21	3	1	233	2865	3098	1.02e-83	306
Rice_3_23121	Helitron-N174_OS	86.383	235	27	3	1	233	1927	1696	2.11e-73	271
Rice_3_23121	Helitron-N174_OS	67.068	249	49	7	1	233	1696	1927	2.58e-15	78.8
Rice_3_23121	STOWAWAY9_OS	83.475	236	35	4	1	233	1	235	1.52e-62	235
Rice_3_23121	EnSpm-N28_OS	82.627	236	34	6	1	233	1016	785	6.46e-61	230
Rice_3_23121	STOWAWAY51_OS	82.427	239	36	5	1	233	242	4	7.87e-60	226
Rice_2_91609	STOWAWAY9_OS	92.373	236	16	2	6	240	235	1	1.81e-93	338
Rice_2_91609	Helitron-N157_OS	85.526	228	19	7	3	228	1515	1300	3.07e-65	244
Rice_2_91609	STOWAWAY51_OS	79.184	245	39	6	4	240	2	242	1.15e-51	199
Rice_2_91609	EnSpm-N28_OS	76.329	207	42	5	39	242	816	1018	2.70e-34	141
Rice_2_91609	Helitron-N174_OS	75.728	206	40	7	41	242	1730	1929	7.24e-29	123
Rice_3_1603	TAMI2	98.047	256	3	2	1	256	254	1	1.13e-121	432
Rice_3_1603	TAMI2	93.511	262	3	5	1	256	1	254	4.22e-108	387
Rice_3_44029	DNA10-1_OS	97.070	273	3	1	1	268	1	273	2.99e-129	457
Rice_3_44029	DNA10-1_OS	97.070	273	3	1	1	268	273	1	2.99e-129	457
Rice_1_128380	MuDR-N197_OS	100.000	962	0	0	1	962	1	962	0.0	1736
Rice_2_116526	MuDR-N162_OS	98.153	758	8	1	1	752	1	758	0.0	1308
Rice_2_40615	Helitron-N34_OS	87.324	142	18	0	1	142	2126	2267	7.07e-45	176
Rice_2_40615	Helitron-N34_OS	72.973	148	24	4	3	142	2264	2125	3.43e-17	84.2
Rice_2_97108	Helitron-N34_OS	86.957	138	18	0	11	148	2249	2112	1.18e-42	168
Rice_2_97108	Helitron-N34_OS	72.000	150	26	4	1	142	2133	2274	1.64e-15	78.8
Rice_1_13957	Helitron-N34_OS	88.889	117	13	0	10	126	2249	2133	7.05e-38	152
Rice_1_13957	Helitron-N34_OS	70.968	124	20	4	1	116	2134	2249	1.20e-09	59.0
Rice_1_54462	DITTO-2	76.142	197	36	4	1	196	235	49	1.09e-32	136
Rice_3_132434	DITTO-2	85.656	244	25	2	1	243	235	1	1.22e-76	282
Rice_3_198406	Helitron-N188_OS	87.892	223	15	1	1	223	1305	1095	2.61e-78	288
Rice_3_198406	EXPLORER1	81.564	179	31	1	40	218	41	217	1.45e-43	172
Rice_1_170412	Helitron-N188_OS	89.831	177	6	1	1	177	1115	1279	2.15e-65	244
Rice_1_170412	EXPLORER1	82.317	164	27	1	1	164	202	41	5.77e-41	163
Rice_1_170412	EXPLORER	79.874	159	31	1	17	175	35	192	6.59e-34	140
Rice_1_170412	Helitron-N18C_OS	76.190	147	34	1	16	162	838	983	4.74e-23	104
Rice_2_94810	EXPLORER1	77.473	182	36	3	41	220	41	219	3.62e-32	134
Rice_2_94810	Helitron-N188_OS	75.263	190	33	4	1	189	1305	1129	1.88e-29	125
Rice_2_113978	EXPLORER	86.452	155	20	1	6	160	178	25	1.91e-46	181
Rice_2_113978	Helitron-N18C_OS	78.616	159	32	1	2	160	985	829	3.04e-31	131
Rice_2_113978	Helitron-N188_OS	77.027	148	21	2	4	151	1264	1130	6.69e-27	116
Rice_1_191004	EXPLORER	93.839	211	8	2	3	209	210	1	1.47e-87	318
Rice_1_191004	Helitron-N18C_OS	76.966	178	39	1	31	208	981	806	3.46e-32	134
Rice_3_84359	DITTO	88.583	254	18	2	1	253	1	244	9.81e-91	329
Rice_3_84359	DNA9-34C_OS	86.220	254	24	2	1	253	439	196	1.12e-83	306
Rice_3_84359	DITTO3	85.385	260	31	2	1	253	1	260	2.02e-80	295
Rice_3_84359	Helitron-N188_OS	85.903	227	26	2	1	227	2374	2154	1.20e-70	262
Rice_3_136683	DITTO	96.581	234	8	0	44	277	244	11	4.58e-108	387
Rice_3_136683	DNA9-34C_OS	86.809	235	31	0	43	277	195	429	3.30e-78	288
Rice_3_136683	DITTO3	79.600	250	35	2	44	277	260	11	9.47e-60	226
Rice_2_63415	TYPEU1	97.159	352	9	1	1	351	364	13	3.27e-168	587
Rice_2_63415	TYPEU1	91.218	353	24	3	1	349	17	366	6.75e-139	489
Rice_2_63415	TYPEU2	86.000	350	48	1	1	349	366	17	6.33e-114	407
Rice_2_63415	TYPEU2	85.269	353	45	3	1	349	19	368	1.14e-110	396
Rice_2_63415	TYPEU	77.259	343	76	1	3	343	343	1	4.87e-71	264
Rice_2_63415	TYPEU	77.391	345	72	5	5	345	1	343	8.81e-68	253
Rice_2_63415	hAT-N88_OS	76.543	324	47	8	27	349	694	399	2.88e-61	232
Rice_2_63415	hAT-N88_OS	73.231	325	52	10	1	321	401	694	4.57e-46	181
Rice_2_63415	TYPEU3	76.299	308	62	7	23	325	341	40	4.00e-53	205
Rice_2_63415	TYPEU3	75.244	307	67	6	23	325	40	341	2.53e-49	192
Rice_2_63415	TYPEU4	70.879	364	85	11	1	348	17	375	2.70e-36	149
Rice_2_63415	TYPEU4	70.604	364	88	11	1	349	374	15	4.01e-34	141
Rice_1_58850	TYPEU2	86.981	361	45	2	1	359	14	374	1.63e-121	432
Rice_1_58850	TYPEU2	86.538	364	41	4	1	359	371	11	2.42e-119	425
Rice_1_58850	hAT-N88_OS	86.196	326	17	7	1	325	396	694	9.01e-106	379
Rice_1_58850	hAT-N88_OS	79.878	328	36	8	33	358	693	394	1.53e-77	286
Rice_1_58850	TYPEU1	83.102	361	59	2	1	359	12	372	1.63e-102	369
Rice_1_58850	TYPEU1	81.593	364	59	4	1	359	369	9	6.49e-95	343
Rice_1_58850	TYPEU	80.814	344	61	4	10	349	1	343	1.34e-84	309
Rice_1_58850	TYPEU	80.000	345	62	4	8	347	343	1	6.93e-82	300
Rice_1_58850	TYPEU3	77.228	303	57	8	33	329	45	341	9.64e-55	210
Rice_1_58850	TYPEU3	75.748	301	65	5	33	329	336	40	1.74e-51	199
Rice_1_58850	TYPEU4	70.604	364	89	9	4	352	15	375	7.92e-37	150
Rice_1_58850	TYPEU4	70.161	372	89	12	5	359	375	9	1.75e-32	136
Rice_3_146846	TYPEU	95.652	322	13	1	1	321	331	10	1.54e-146	515
Rice_3_146846	TYPEU	83.951	324	47	4	1	321	11	332	8.53e-93	336
Rice_3_146846	TYPEU2	85.397	315	44	2	7	320	346	33	3.18e-98	354
Rice_3_146846	TYPEU2	84.494	316	45	4	1	314	33	346	2.98e-92	334
Rice_3_146846	TYPEU1	81.308	321	58	2	1	320	350	31	1.76e-82	302
Rice_3_146846	TYPEU1	80.186	323	58	5	1	320	31	350	7.01e-75	277
Rice_3_146846	hAT-N88_OS	77.273	308	42	6	1	308	415	694	1.76e-63	239
Rice_3_146846	hAT-N88_OS	76.052	309	44	8	13	320	694	415	2.01e-56	215
Rice_3_146846	TYPEU3	75.748	301	61	8	13	308	337	44	2.79e-48	188
Rice_3_146846	TYPEU3	75.166	302	61	8	13	308	44	337	1.19e-46	183
Rice_3_146846	TYPEU4	71.378	283	68	10	21	296	341	65	1.77e-25	113
Rice_3_183345	TYPEU2	82.540	315	34	6	4	299	337	25	9.02e-86	313
Rice_3_183345	TYPEU2	82.540	315	38	5	2	299	46	360	9.02e-86	313
Rice_3_183345	hAT-N88_OS	81.507	292	17	5	1	279	427	694	2.42e-80	295
Rice_3_183345	hAT-N88_OS	81.188	303	36	10	2	299	693	407	4.10e-71	264
Rice_3_183345	TYPEU1	78.095	315	52	4	2	299	44	358	2.12e-68	255
Rice_3_183345	TYPEU1	76.730	318	51	8	2	299	337	23	3.59e-59	224
Rice_3_183345	TYPEU	79.276	304	41	7	2	285	318	17	7.41e-68	253
Rice_3_183345	TYPEU	79.538	303	42	7	2	285	24	325	7.41e-68	253
Rice_3_183345	TYPEU3	72.937	303	55	10	2	283	45	341	1.53e-38	156
Rice_3_183345	TYPEU3	72.093	301	61	7	2	283	336	40	5.34e-38	154
Rice_3_183345	TYPEU4	68.608	309	76	8	10	298	62	369	8.47e-23	104
Rice_3_183345	TYPEU4	66.667	282	72	9	9	270	341	62	7.43e-11	64.4
Rice_3_112005	TYPEU2	83.380	355	52	5	1	351	369	18	2.92e-99	358
Rice_3_112005	TYPEU2	82.817	355	54	5	1	351	16	367	1.51e-96	349
Rice_3_112005	TYPEU1	79.722	360	65	6	2	356	366	10	6.87e-82	300
Rice_3_112005	TYPEU1	79.718	355	63	6	2	351	15	365	8.37e-81	297
Rice_3_112005	TYPEU	75.309	324	75	3	26	346	322	1	2.25e-56	215
Rice_3_112005	TYPEU	74.769	325	79	3	26	348	20	343	1.16e-53	206
Rice_3_112005	TYPEU3	76.568	303	55	10	28	323	43	336	2.11e-50	196
Rice_3_112005	TYPEU3	77.211	294	45	12	28	311	338	57	7.35e-50	194
Rice_3_112005	hAT-N88_OS	71.166	326	61	8	1	323	398	693	5.29e-39	158
Rice_3_112005	hAT-N88_OS	70.679	324	65	6	29	351	694	400	1.85e-38	156
Rice_3_112005	TYPEU4	71.521	309	75	10	11	311	369	66	8.96e-30	127
Rice_3_112005	TYPEU4	69.401	317	85	10	41	351	65	375	1.25e-21	100
Rice_3_178288	EnSpm-N5_OS	86.618	553	20	13	1	503	1	549	0.0	654
Rice_1_56633	SPMLIKE-B_OS	87.143	210	6	3	1	190	11194	10986	8.69e-71	262
Rice_1_56633	SPMLIKE-B_OS	71.739	184	22	9	21	190	297	130	4.82e-17	84.2
Rice_1_56633	CACTA-I	93.333	165	9	2	3	167	1100	938	2.84e-64	241
Rice_1_56633	CACTA-I	77.528	178	17	6	21	190	123	285	3.04e-32	134
Rice_1_56633	CACTA-I	75.843	178	20	6	21	190	292	130	1.92e-28	122
Rice_1_56633	CACTA-B	86.702	188	22	2	3	190	1073	889	2.66e-58	221
Rice_1_56633	CACTA-H	81.910	199	9	7	3	177	1128	933	4.50e-49	190
Rice_1_56633	CACTA-H	70.652	184	22	10	21	190	265	100	8.71e-14	73.4
Rice_1_56633	CACTA-M	71.823	181	23	8	21	190	124	287	1.38e-17	86.0
Rice_1_56633	EnSpm-N5_OS	75.439	171	18	9	21	189	123	271	6.27e-22	100
Rice_1_159173	hAT-N79_OS	97.924	289	5	1	1	288	289	1	1.56e-139	491
Rice_1_76087	STOWAWAY47_OS	68.750	144	24	1	1	123	1	144	1.84e-13	71.6
Rice_1_76087	STOWAWAY47_OS	68.056	144	25	1	1	123	144	1	2.24e-12	68.0
Rice_1_87954	STOWAWAY47_OS	75.172	145	35	1	8	152	1	144	6.08e-21	96.9
Rice_1_87954	STOWAWAY47_OS	74.483	145	36	1	8	152	144	1	2.59e-19	91.5
Rice_1_87954	Helitron-N67B_OS	72.667	150	36	4	6	155	492	348	6.94e-14	73.4
Rice_1_87954	Helitron-N67B_OS	71.333	150	38	4	6	155	349	493	3.59e-11	64.4
Rice_1_87954	hAT-N43B_OS	71.141	149	41	2	6	154	738	592	2.95e-12	68.0
Rice_1_87954	hAT-N43B_OS	67.974	153	45	4	4	154	2133	2283	4.10e-04	41.0
Rice_1_87954	STOWAWAY15-2_OS	70.946	148	37	5	8	152	1	145	5.33e-09	57.2
Rice_1_87954	STOWAWAY46_OS	70.068	147	39	5	8	152	144	1	7.92e-07	50.0
Rice_1_87954	STOWAWAY46_OS	69.388	147	40	5	8	152	1	144	3.37e-05	44.6
Rice_2_82268	hAT-N11_OS	85.149	606	68	8	1	589	1	601	0.0	672
Rice_2_82268	hAT-N11B_OS	76.689	592	71	12	1	589	1	528	8.38e-128	453
Rice_3_161525	hAT-N11B_OS	90.714	560	19	4	1	559	1	528	0.0	789
Rice_3_161525	hAT-N11_OS	75.000	608	96	19	1	559	1	601	1.75e-104	376
Rice_3_188145	MUDRN2_OS	84.121	762	108	12	1	755	756	1	0.0	787
Rice_3_188145	MUDRN2_OS	83.922	765	104	13	1	755	1	756	0.0	783
Rice_3_188145	MUDRN1_OS	67.337	796	187	25	1	755	1	764	1.42e-56	217
Rice_3_103170	MUDRN2_OS	71.979	778	150	24	1	732	756	1	8.08e-104	374
Rice_3_103170	MUDRN2_OS	72.108	778	149	26	1	732	1	756	3.44e-102	369
Rice_2_201687	MuDR-N24_OS	100.000	842	0	0	1	842	854	13	0.0	1519
Rice_1_118155	MUDRN1_OS	93.806	775	28	7	1	766	1	764	0.0	1168
Rice_1_118155	MUDRN2_OS	69.582	789	184	26	1	766	1	756	6.11e-74	275
Rice_3_80967	MUDR_N7_OS	100.000	1283	0	0	1	1283	1	1283	0.0	2315
Rice_3_155202	ID-3	69.531	256	44	7	1	244	2	235	1.99e-24	109
Rice_1_125515	DELAY	94.690	226	12	0	1	226	226	1	2.17e-98	354
Rice_2_98432	DELAY	86.224	196	26	1	13	207	205	10	1.97e-60	228
Rice_3_40221	Mariner-N3_OS	97.817	229	4	1	1	228	229	1	3.72e-108	387
Rice_3_40221	STOWAWAY14_OS	66.154	260	49	6	1	225	258	3	7.20e-16	80.6
Rice_2_178423	Mariner-N3_OS	82.083	240	32	1	4	243	1	229	3.11e-65	244
Rice_2_178423	STOWAWAY14_OS	69.650	257	57	2	7	243	3	258	2.56e-28	122
Rice_1_42673	STOWAWAY14_OS	97.266	256	7	0	1	256	258	3	4.00e-121	430
Rice_1_42673	Mariner-N3_OS	66.920	263	49	5	1	259	229	1	3.77e-20	95.1
Rice_3_3657	OLO24C	89.607	356	17	5	1	340	354	3	1.75e-133	471
Rice_3_3657	OLO24C	74.558	283	61	6	37	312	39	317	2.79e-42	168
Rice_3_3657	Helitron-N184_OS	90.774	336	30	1	1	335	3649	3984	9.06e-131	462
Rice_3_3657	Helitron-N184_OS	70.447	291	68	8	24	305	3966	3685	4.42e-27	118
Rice_3_3657	Helitron-N133_OS	91.026	312	24	2	28	335	1564	1875	1.53e-121	432
Rice_3_3657	Helitron-N133_OS	70.588	289	74	6	24	305	1857	1573	3.63e-28	122
Rice_3_3657	OLO24B	89.590	317	22	8	23	335	315	6	3.17e-111	398
Rice_3_3657	OLO24B	72.664	289	61	9	37	317	37	315	3.87e-34	141
Rice_3_3657	hAT-N80_OS	80.925	346	49	6	1	335	540	879	2.97e-86	315
Rice_3_3657	Helitron-N89_OS	77.183	355	56	6	1	335	1375	1026	3.17e-73	271
Rice_3_3657	Helitron-N132_OS	77.500	320	46	7	1	313	1191	891	4.41e-65	244
Rice_3_3657	NDNA2TNA_OS	78.457	311	55	7	34	335	34	341	1.87e-63	239
Rice_3_3657	NDNA2TNA_OS	72.542	295	64	9	23	305	326	37	3.87e-34	141
Rice_3_3657	OLO24	75.575	348	64	8	1	335	345	6	3.39e-60	228
Rice_3_3657	DNA9-45_OS	73.623	345	72	10	3	335	307	644	3.62e-47	185
Rice_3_3657	NDNA1TNA_OS	72.109	294	71	6	1	287	1	290	1.11e-34	143
Rice_3_3657	NDNA1TNA_OS	71.277	282	69	6	67	340	278	1	8.53e-30	127
Rice_1_158965	Helitron-N133_OS	92.542	295	22	0	1	295	1565	1859	3.77e-122	434
Rice_1_158965	Helitron-N133_OS	91.892	259	19	1	10	268	1070	1326	3.77e-103	370
Rice_1_158965	Helitron-N133_OS	87.597	258	21	6	11	268	385	631	4.60e-83	304
Rice_1_158965	Helitron-N133_OS	71.739	276	63	7	26	292	1321	1052	2.10e-30	129
Rice_1_158965	Helitron-N133_OS	70.609	279	74	6	6	280	1847	1573	4.61e-26	114
Rice_1_158965	OLO24C	94.891	274	13	1	8	280	312	39	1.60e-120	428
Rice_1_158965	OLO24C	74.912	283	63	6	9	287	39	317	6.84e-43	170
Rice_1_158965	Helitron-N184_OS	91.525	295	22	1	1	295	3677	3968	2.90e-117	417
Rice_1_158965	Helitron-N184_OS	70.863	278	66	8	9	280	3953	3685	4.61e-26	114
Rice_1_158965	OLO24B	92.542	295	15	6	1	295	309	22	1.23e-115	412
Rice_1_158965	OLO24B	73.010	289	63	8	9	292	37	315	7.81e-36	147
Rice_1_158965	OLO24A	87.681	276	27	5	9	280	273	1	1.16e-90	329
Rice_1_158965	OLO24A	74.820	278	59	7	9	280	1	273	2.91e-41	165
Rice_1_158965	EnSpm-11_OS	87.308	260	30	1	9	268	6873	7129	2.09e-87	318
Rice_1_158965	hAT-N80_OS	81.788	302	42	5	1	295	568	863	1.24e-77	286
Rice_1_158965	Helitron-N89_OS	79.100	311	44	5	1	295	1347	1042	4.04e-71	264
Rice_1_158965	Helitron-N132_OS	79.252	294	38	6	1	290	1163	889	8.89e-67	250
Rice_1_158965	NDNA2TNA_OS	79.137	278	54	4	6	280	34	310	1.01e-59	226
Rice_1_158965	NDNA2TNA_OS	73.050	282	64	8	6	280	313	37	3.32e-34	141
Rice_1_158965	NDNA1TNA_OS	72.314	242	63	4	39	278	278	39	1.09e-27	120
Rice_1_163640	Helitron-N133_OS	93.293	328	20	2	1	327	1363	1037	7.72e-138	486
Rice_1_163640	Helitron-N133_OS	89.701	301	19	7	1	300	668	379	6.78e-107	383
Rice_1_163640	OLO24C	90.461	304	19	3	38	331	51	354	4.00e-116	414
Rice_1_163640	EnSpm-11_OS	87.654	324	35	4	5	327	7161	6842	4.57e-109	390
Rice_1_163640	OLO24B	82.687	335	34	11	6	326	6	330	2.88e-86	315
Rice_3_76	Helitron-N133_OS	93.603	297	14	2	47	340	1069	1363	6.97e-126	446
Rice_3_76	Helitron-N133_OS	87.879	297	18	9	49	340	385	668	1.44e-96	349
Rice_3_76	EnSpm-11_OS	85.121	289	42	1	48	336	6874	7161	5.73e-89	324
Rice_1_169628	hAT-N80_OS	92.582	337	22	3	1	335	545	880	2.73e-137	484
Rice_1_169628	Helitron-N89_OS	89.595	346	25	3	1	335	1370	1025	1.09e-129	459
Rice_1_169628	Helitron-N133_OS	86.176	340	37	3	1	335	1542	1876	3.12e-111	398
Rice_1_169628	Helitron-N132_OS	88.103	311	22	4	3	313	1184	889	4.63e-109	390
Rice_1_169628	OLO24B	84.821	336	38	7	1	334	330	6	9.54e-99	356
Rice_1_169628	Helitron-N184_OS	82.059	340	48	4	1	335	3654	3985	1.09e-91	333
Rice_1_169628	OLO24	78.710	310	55	5	14	315	331	25	1.02e-66	250
Rice_1_169628	DNA9-45_OS	75.779	289	60	6	33	315	342	626	2.93e-48	188
Rice_1_155134	OLO24	95.588	340	15	0	6	345	6	345	9.82e-156	545
Rice_1_155134	DNA9-45_OS	89.706	340	31	3	6	343	644	307	7.08e-126	446
Rice_1_155134	OLO24C	69.620	316	84	6	2	307	354	41	3.68e-28	122
Rice_1_155134	hAT-N80_OS	74.545	330	66	8	25	345	860	540	5.83e-51	197
Rice_1_155134	Helitron-N89_OS	74.237	295	61	4	25	307	1045	1336	3.68e-47	185
Rice_1_155134	Helitron-N132_OS	72.313	307	58	9	29	332	891	1173	6.23e-38	154
Rice_2_197316	NDNA2TNA_OS	88.679	318	32	2	4	317	332	15	5.69e-114	407
Rice_2_197316	NDNA2TNA_OS	78.616	318	62	4	2	314	16	332	2.27e-68	255
Rice_2_197316	NDNA1TNA_OS	85.489	317	32	3	1	314	320	15	6.08e-101	363
Rice_2_197316	NDNA1TNA_OS	75.079	317	63	5	4	316	15	319	2.95e-54	208
Rice_2_197316	OLO24A	83.032	277	39	6	23	295	1	273	3.60e-72	268
Rice_2_197316	OLO24A	80.866	277	45	6	23	295	273	1	5.00e-64	241
Rice_2_197316	OLO24C	77.818	275	59	2	23	296	39	312	6.95e-56	214
Rice_2_197316	OLO24C	75.362	276	64	4	22	295	312	39	5.00e-45	178
Rice_2_197316	Helitron-N184_OS	77.320	291	55	6	10	297	3965	3683	8.46e-55	210
Rice_2_197316	Helitron-N184_OS	74.744	293	59	10	21	308	3683	3965	1.10e-40	163
Rice_2_197316	Helitron-N133_OS	75.779	289	68	2	10	298	1856	1570	1.53e-51	199
Rice_2_197316	Helitron-N133_OS	75.945	291	64	6	20	308	1570	1856	2.77e-48	188
Rice_2_197316	Helitron-N133_OS	75.781	256	57	3	40	294	1321	1070	6.09e-44	174
Rice_2_197316	Helitron-N133_OS	71.875	256	67	3	24	278	1070	1321	2.27e-30	129
Rice_2_197316	Helitron-N133_OS	70.656	259	54	11	25	278	385	626	4.69e-20	95.1
Rice_2_197316	OLO24B	74.825	286	64	7	23	308	37	314	9.04e-42	167
Rice_2_197316	OLO24B	74.138	290	59	10	10	295	314	37	5.71e-38	154
Rice_2_197316	EnSpm-11_OS	72.973	259	60	5	40	295	7124	6873	4.39e-33	138
Rice_2_197316	EnSpm-11_OS	68.966	261	67	10	23	278	6873	7124	1.53e-13	73.4
Rice_2_197316	DNA9-45_OS	71.326	279	67	8	24	295	342	614	4.11e-27	118
Rice_3_56539	NDNA1TNA_OS	96.386	332	12	0	39	370	3	334	1.06e-155	545
Rice_3_56539	NDNA2TNA_OS	75.516	339	65	7	42	365	341	6	1.59e-58	223
Rice_2_135968	Harbinger-N35_OS	95.131	267	10	2	4	267	1	267	2.63e-117	417
Rice_3_87782	MDM1	87.569	362	9	23	1	362	326	1	9.09e-106	379
Rice_3_87782	MDM1	72.678	366	56	22	1	362	1	326	7.99e-37	150
Rice_3_87782	MuDR-N31B_OS	72.703	370	86	7	1	362	363	1	7.48e-50	194
Rice_3_87782	MuDR-N31B_OS	68.919	370	100	8	1	362	1	363	9.12e-30	127
Rice_3_87782	MuDR-N31_OS	70.968	372	89	10	1	362	363	1	1.88e-38	156
Rice_2_166122	MuDR-N31_OS	95.702	349	14	1	1	349	356	9	1.58e-159	558
Rice_2_166122	MuDR-N31_OS	73.171	369	58	15	1	349	8	355	3.06e-48	188
Rice_2_166122	Helitron-N132_OS	76.408	284	46	5	8	290	2030	1767	1.14e-53	206
Rice_2_166122	MuDR-N31B_OS	72.126	348	92	5	1	346	356	12	2.35e-43	172
Rice_2_166122	MuDR-N31B_OS	70.765	366	72	12	1	349	8	355	1.81e-38	156
Rice_2_166122	MDM1	73.043	345	54	21	6	349	314	8	1.14e-34	143
Rice_2_191231	MuDR-N31B_OS	72.222	378	85	10	1	373	1	363	4.87e-46	181
Rice_2_191231	MuDR-N31_OS	70.899	378	90	11	1	373	1	363	6.78e-38	154
Rice_2_191231	MuDR-N31_OS	68.041	388	84	11	1	373	363	1	9.42e-30	127
Rice_2_191231	MDM1	69.705	373	66	20	1	373	1	326	1.70e-26	116
Rice_3_208210	F770	66.541	266	48	13	1	226	284	20	9.30e-09	57.2
Rice_3_213758	TOURIST-XI	72.558	215	46	4	7	220	214	12	1.08e-26	116
Rice_3_213758	F770	65.812	234	42	13	1	197	284	52	0.008	37.4
Rice_1_119894	TREP220	79.048	105	19	1	1	102	105	1	5.43e-19	89.7
Rice_1_119894	STOWAWAY26_OS	72.807	114	19	4	1	102	114	1	9.20e-10	59.0
Rice_1_119894	TREP219	74.766	107	15	7	1	102	100	1	1.36e-07	51.8
Rice_1_23097	TREP220	76.190	105	17	1	5	101	1	105	2.88e-16	80.6
Rice_1_23097	TREP220	71.963	107	18	3	5	101	105	1	1.15e-08	55.4
Rice_1_23097	STOWAWAY26_OS	71.053	114	16	4	5	101	1	114	1.15e-08	55.4
Rice_2_142727	TELIA	95.035	141	7	0	1	141	1	141	5.38e-59	223
Rice_3_113034	TELIA	95.495	111	5	0	1	111	125	15	1.52e-45	178
Rice_1_182241	STOWAWAY21_OS	93.827	243	9	2	1	237	243	1	3.63e-102	367
Rice_1_182241	STOWAWAY21_OS	76.016	246	47	7	1	237	1	243	3.41e-39	158
Rice_1_182241	STOWAWAY44_OS	69.758	248	52	13	1	237	3	238	1.12e-13	73.4
Rice_1_182241	STOWAWAY9_OS	67.005	197	58	5	1	194	235	43	1.55e-05	46.4
Rice_1_97783	STOWAWAY21_OS	93.004	243	10	2	20	255	1	243	6.20e-100	360
Rice_1_97783	STOWAWAY21_OS	75.918	245	48	6	20	255	243	1	1.12e-39	159
Rice_1_97783	STOWAWAY44_OS	70.120	251	53	12	18	257	240	1	2.48e-16	82.4
Rice_3_210603	STOWAWAY21_OS	92.857	238	11	2	32	263	6	243	1.09e-96	349
Rice_3_210603	STOWAWAY21_OS	73.859	241	51	7	32	263	238	1	5.32e-31	131
Rice_3_43004	STOWAWAY21_OS	81.890	254	28	5	1	247	1	243	3.13e-65	244
Rice_3_43004	STOWAWAY21_OS	69.957	233	46	8	1	215	243	17	4.35e-19	91.5
Rice_2_49763	STOWAWAY21_OS	80.569	211	40	1	1	210	1	211	1.65e-49	192
Rice_2_49763	STOWAWAY2_OS	77.778	216	41	5	29	237	35	250	9.77e-40	159
Rice_2_49763	Harbinger-18_OS	77.949	195	35	8	1	192	4706	4895	1.66e-30	129
Rice_2_49763	Helitron-N129_OS	74.167	240	53	8	1	237	7518	7751	2.02e-29	125
Rice_2_49763	TREP215	74.747	198	37	9	1	192	235	45	6.59e-23	104
Rice_2_49763	Helitron-N175_OS	74.490	196	38	8	1	191	675	863	6.59e-23	104
Rice_2_49763	TNR1	72.512	211	45	10	29	233	208	5	1.77e-17	86.0
Rice_2_49763	STOWAWAY44_OS	69.038	239	69	5	1	237	238	3	2.15e-16	82.4
Rice_2_49763	STOWAWAY51_OS	68.852	244	64	7	1	237	242	4	2.63e-15	78.8
Rice_2_49763	Helitron-N69_OS	67.368	190	58	4	49	237	2912	3098	1.27e-06	50.0
Rice_2_96648	TREP215	94.043	235	14	0	23	257	1	235	1.70e-100	361
Rice_2_96648	TREP215	77.311	238	48	6	23	257	235	1	2.52e-41	165
Rice_2_96648	Harbinger-19_OS	93.277	238	16	0	21	258	1037	1274	2.07e-99	358
Rice_2_96648	Harbinger-19_OS	79.012	243	43	6	20	258	1276	1038	2.21e-48	188
Rice_2_96648	Helitron-N8D_OS	91.498	247	20	1	13	258	634	388	3.74e-96	347
Rice_2_96648	Helitron-N8D_OS	77.178	241	49	6	21	258	387	624	2.52e-41	165
Rice_2_96648	TNR1	91.632	239	14	4	23	257	1	237	1.00e-90	329
Rice_2_96648	TNR1	75.309	243	46	12	23	257	237	1	6.34e-30	127
Rice_2_96648	Helitron-N175_OS	89.916	238	23	1	21	258	910	674	1.81e-87	318
Rice_2_96648	Helitron-N175_OS	75.102	245	56	5	16	258	668	909	1.94e-36	149
Rice_2_96648	Helitron-N34_OS	82.213	253	21	5	13	258	1021	786	6.33e-68	253
Rice_2_96648	Helitron-N34_OS	73.494	249	39	10	19	258	783	1013	5.21e-31	131
Rice_2_96648	STOWAWAY2_OS	81.746	252	27	9	23	257	250	1	8.80e-60	226
Rice_2_96648	STOWAWAY2_OS	71.705	258	42	9	23	257	1	250	2.21e-29	125
Rice_2_96648	Mariner-N17_OS	79.253	241	44	5	21	258	1	238	1.82e-49	192
Rice_2_96648	Mariner-N17_OS	72.112	251	44	9	21	258	239	2	9.42e-28	120
Rice_2_96648	Harbinger-18_OS	78.601	243	47	5	18	258	4944	4705	7.72e-48	187
Rice_2_96648	Harbinger-18_OS	72.614	241	59	5	21	258	4704	4940	2.70e-28	122
Rice_2_96648	Helitron-N129_OS	76.446	242	50	5	20	258	7754	7517	8.81e-41	163
Rice_2_96648	Helitron-N129_OS	70.000	250	62	4	15	258	7510	7752	5.94e-24	107
Rice_2_96648	hAT-N43_OS	76.096	251	54	6	11	258	1784	1537	3.08e-40	161
Rice_2_96648	hAT-N43_OS	69.512	246	62	3	19	258	1534	1772	7.24e-23	104
Rice_2_96648	Helitron-N118_OS	76.889	225	41	9	21	241	1174	957	2.88e-34	141
Rice_2_96648	Helitron-N118_OS	68.240	233	45	12	39	258	957	1173	2.70e-09	59.0
Rice_3_128140	Helitron-N175_OS	97.908	239	5	0	19	257	672	910	1.40e-114	408
Rice_3_128140	Helitron-N175_OS	75.686	255	58	4	20	272	910	658	7.75e-42	167
Rice_3_128140	Harbinger-19_OS	92.116	241	18	1	18	257	1277	1037	1.40e-95	345
Rice_3_128140	Harbinger-19_OS	79.352	247	44	5	20	262	1037	1280	1.31e-51	199
Rice_3_128140	Helitron-N8D_OS	88.889	243	26	1	17	258	384	626	8.26e-86	313
Rice_3_128140	Helitron-N8D_OS	76.154	260	52	8	9	262	637	382	9.44e-41	163
Rice_3_128140	TREP215	89.362	235	24	1	22	255	235	1	3.51e-84	307
Rice_3_128140	TREP215	73.840	237	57	5	22	255	1	235	5.58e-31	131
Rice_3_128140	TNR1	84.519	239	30	5	22	255	237	1	2.89e-66	248
Rice_3_128140	TNR1	73.444	241	53	10	22	255	1	237	5.23e-25	111
Rice_3_128140	Helitron-N34_OS	79.920	249	24	6	19	258	784	1015	4.01e-58	221
Rice_3_128140	Helitron-N34_OS	71.373	255	46	8	13	258	1020	784	1.01e-27	120
Rice_3_128140	STOWAWAY2_OS	79.283	251	34	8	22	255	1	250	3.76e-52	201
Rice_3_128140	STOWAWAY2_OS	69.650	257	48	9	22	255	250	1	9.45e-22	100
Rice_3_128140	Mariner-N17_OS	76.763	241	51	3	20	257	239	1	5.22e-44	174
Rice_3_128140	Mariner-N17_OS	72.000	250	47	8	20	257	1	239	1.01e-27	120
Rice_3_128140	Harbinger-18_OS	75.934	241	54	4	20	258	4704	4942	1.15e-39	159
Rice_3_128140	Harbinger-18_OS	72.016	243	60	4	19	257	4942	4704	2.89e-28	122
Rice_3_128140	Helitron-N129_OS	74.486	243	58	4	19	259	7515	7755	2.53e-35	145
Rice_3_128140	Helitron-N129_OS	70.040	247	62	4	18	258	7755	7515	2.22e-23	105
Rice_3_128140	hAT-N43_OS	73.047	256	64	5	14	267	1531	1783	1.60e-31	132
Rice_3_128140	hAT-N43_OS	69.512	246	63	4	19	258	1774	1535	3.30e-21	98.7
Rice_3_128140	Helitron-N118_OS	74.779	226	47	7	43	265	963	1181	1.95e-30	129
Rice_3_128140	Helitron-N118_OS	68.534	232	46	11	15	234	1179	963	6.81e-11	64.4
Rice_2_198701	Harbinger-18_OS	89.407	236	22	3	1	235	4939	4706	1.26e-82	302
Rice_2_198701	Harbinger-18_OS	77.500	240	43	7	1	235	4706	4939	1.87e-42	168
Rice_2_198701	Mariner-N17_OS	87.660	235	29	0	1	235	3	237	6.51e-80	293
Rice_2_198701	Mariner-N17_OS	75.732	239	50	3	1	235	237	3	7.95e-41	163
Rice_2_198701	hAT-N43_OS	86.017	236	30	3	1	235	1771	1538	9.05e-72	266
Rice_2_198701	hAT-N43_OS	75.105	237	54	4	1	235	1538	1771	1.75e-36	149
Rice_2_198701	Helitron-N129_OS	85.593	236	31	3	1	235	7751	7518	1.10e-70	262
Rice_2_198701	Helitron-N129_OS	73.617	235	61	1	1	235	7518	7751	2.60e-34	141
Rice_2_198701	STOWAWAY2_OS	83.200	250	27	7	1	235	250	1	8.48e-66	246
Rice_2_198701	STOWAWAY2_OS	73.228	254	45	9	1	235	1	250	3.86e-32	134
Rice_2_198701	Helitron-N118_OS	84.259	216	30	3	1	216	1172	961	7.94e-60	226
Rice_2_198701	Helitron-N118_OS	73.516	219	48	9	20	235	961	1172	2.28e-22	102
Rice_2_198701	Harbinger-19_OS	79.661	236	46	2	1	235	1039	1273	9.06e-53	203
Rice_2_198701	Harbinger-19_OS	71.837	245	49	6	1	235	1273	1039	2.43e-28	122
Rice_2_198701	Helitron-N8D_OS	78.298	235	51	0	1	235	623	389	4.69e-50	194
Rice_2_198701	Helitron-N8D_OS	69.076	249	49	6	1	235	389	623	7.96e-22	100
Rice_2_198701	Helitron-N175_OS	77.021	235	53	1	1	235	908	675	3.61e-45	178
Rice_2_198701	Helitron-N175_OS	69.636	247	50	7	1	235	675	908	2.78e-21	98.7
Rice_2_198701	TREP215	77.727	220	49	0	1	220	1	220	1.26e-44	176
Rice_2_198701	TREP215	68.103	232	50	5	1	220	235	16	6.12e-17	84.2
Rice_2_198701	TNR1	77.253	233	45	6	1	228	1	230	2.77e-40	161
Rice_2_198701	TNR1	69.874	239	58	7	1	231	237	5	5.02e-18	87.8
Rice_2_198701	Helitron-N117_OS	75.773	194	32	7	11	201	1382	1201	8.49e-28	120
Rice_2_198701	Helitron-N117_OS	68.687	198	38	11	36	225	1201	1382	1.26e-06	50.0
Rice_2_198701	Helitron-N34_OS	70.614	228	42	7	1	220	1012	802	7.96e-22	100
Rice_2_1483	Harbinger-18_OS	97.510	241	6	0	23	263	4704	4944	1.35e-114	408
Rice_2_1483	Harbinger-18_OS	79.839	248	40	5	18	260	4946	4704	2.44e-54	208
Rice_2_1483	hAT-N43_OS	94.758	248	13	0	19	266	1532	1779	1.26e-108	389
Rice_2_1483	hAT-N43_OS	76.953	256	31	7	21	262	1775	1534	6.55e-49	190
Rice_2_1483	Helitron-N129_OS	95.417	240	11	0	22	261	7515	7754	5.37e-107	383
Rice_2_1483	Helitron-N129_OS	77.432	257	30	6	22	264	7754	7512	3.63e-52	201
Rice_2_1483	Mariner-N17_OS	84.647	241	32	4	23	260	239	1	1.88e-68	255
Rice_2_1483	Mariner-N17_OS	74.380	242	55	2	23	260	1	239	4.72e-38	154
Rice_2_1483	STOWAWAY2_OS	82.000	250	29	7	25	258	1	250	6.13e-62	233
Rice_2_1483	STOWAWAY2_OS	70.611	262	37	10	25	258	250	1	3.40e-27	118
Rice_2_1483	Helitron-N118_OS	81.250	224	34	7	45	266	962	1179	6.55e-49	190
Rice_2_1483	Helitron-N118_OS	71.491	228	51	8	17	238	1181	962	3.88e-20	95.1
Rice_2_1483	Helitron-N8D_OS	77.459	244	52	3	23	264	387	629	3.40e-46	181
Rice_2_1483	Helitron-N8D_OS	70.040	247	61	4	21	260	627	387	2.14e-23	105
Rice_2_1483	Harbinger-19_OS	78.099	242	48	5	22	260	1276	1037	1.19e-45	179
Rice_2_1483	Harbinger-19_OS	71.713	251	58	5	18	261	1032	1276	2.79e-28	122
Rice_2_1483	TREP215	79.167	216	40	5	46	258	214	1	2.14e-42	168
Rice_2_1483	TREP215	70.000	220	53	4	46	258	22	235	1.35e-19	93.3
Rice_2_1483	Helitron-N175_OS	76.349	241	53	4	22	260	672	910	9.11e-41	163
Rice_2_1483	Helitron-N175_OS	70.968	248	60	4	23	264	910	669	1.19e-26	116
Rice_2_1483	TNR1	75.641	234	46	9	32	258	230	1	4.42e-32	134
Rice_2_1483	TNR1	69.710	241	54	9	29	258	5	237	2.45e-16	82.4
Rice_2_1483	Helitron-N34_OS	72.441	254	44	8	18	262	780	1016	5.38e-31	131
Rice_2_1483	Helitron-N34_OS	68.675	249	60	7	19	262	1018	783	2.45e-16	82.4
Rice_1_108419	Harbinger-18_OS	96.341	246	9	0	11	256	4949	4704	5.82e-113	403
Rice_1_108419	Harbinger-18_OS	80.567	247	38	5	19	260	4704	4945	1.67e-56	215
Rice_1_108419	hAT-N43_OS	94.118	255	15	0	3	257	1789	1535	1.05e-109	392
Rice_1_108419	hAT-N43_OS	76.471	255	32	7	17	257	1534	1774	9.88e-47	183
Rice_1_108419	Helitron-N129_OS	96.250	240	9	0	18	257	7754	7515	1.05e-109	392
Rice_1_108419	Helitron-N129_OS	76.953	256	31	6	18	259	7515	7756	5.47e-50	194
Rice_1_108419	Mariner-N17_OS	84.647	241	32	4	19	256	1	239	1.91e-68	255
Rice_1_108419	Mariner-N17_OS	74.380	242	55	2	19	256	239	1	4.80e-38	154
Rice_1_108419	STOWAWAY2_OS	82.000	250	29	7	21	254	250	1	6.23e-62	233
Rice_1_108419	STOWAWAY2_OS	70.611	262	37	10	21	254	1	250	3.45e-27	118
Rice_1_108419	Helitron-N118_OS	80.734	218	35	6	19	234	1174	962	9.88e-47	183
Rice_1_108419	Helitron-N118_OS	71.493	221	50	7	41	256	962	1174	3.94e-20	95.1
Rice_1_108419	Harbinger-19_OS	78.279	244	48	5	19	259	1037	1278	9.88e-47	183
Rice_1_108419	Harbinger-19_OS	71.486	249	58	5	15	256	1279	1037	3.45e-27	118
Rice_1_108419	Helitron-N8D_OS	77.366	243	52	3	16	256	628	387	1.20e-45	179
Rice_1_108419	Helitron-N8D_OS	69.919	246	61	4	19	257	387	626	7.60e-23	104
Rice_1_108419	Helitron-N175_OS	76.349	241	53	4	19	257	910	672	9.26e-41	163
Rice_1_108419	Helitron-N175_OS	70.968	248	60	4	18	259	672	913	1.21e-26	116
Rice_1_108419	TNR1	75.527	237	47	9	25	254	5	237	1.29e-32	136
Rice_1_108419	TNR1	69.748	238	53	9	28	254	230	1	2.49e-16	82.4
Rice_1_108419	Helitron-N34_OS	71.970	264	46	9	17	269	1016	770	6.67e-30	127
Rice_1_108419	Helitron-N34_OS	68.254	252	62	7	17	263	783	1021	3.03e-15	78.8
Rice_2_77370	Mariner-N17_OS	93.191	235	16	0	1	235	3	237	7.93e-98	352
Rice_2_77370	Mariner-N17_OS	78.661	239	43	3	1	235	237	3	1.34e-50	196
Rice_2_77370	Helitron-N118_OS	88.889	216	20	3	1	216	1172	961	2.13e-73	271
Rice_2_77370	Helitron-N118_OS	75.342	219	44	7	20	235	961	1172	1.64e-30	129
Rice_2_77370	STOWAWAY2_OS	82.000	250	30	7	1	235	250	1	1.87e-61	232
Rice_2_77370	STOWAWAY2_OS	71.825	252	52	10	1	235	1	250	1.54e-24	109
Rice_2_77370	Helitron-N129_OS	80.085	236	44	3	1	235	7751	7518	9.06e-53	203
Rice_2_77370	Helitron-N129_OS	69.008	242	60	4	1	235	7518	7751	3.38e-20	95.1
Rice_2_77370	Harbinger-18_OS	79.661	236	45	3	1	235	4939	4706	1.10e-51	199
Rice_2_77370	Harbinger-18_OS	73.222	239	55	5	1	235	4706	4939	1.64e-30	129
Rice_2_77370	hAT-N43_OS	78.390	236	48	3	1	235	1771	1538	2.43e-47	185
Rice_2_77370	hAT-N43_OS	68.852	244	57	6	1	235	1538	1771	5.02e-18	87.8
Rice_2_77370	TREP215	78.059	237	48	4	1	235	1	235	1.03e-45	179
Rice_2_77370	TREP215	68.831	231	50	7	16	235	220	1	7.45e-16	80.6
Rice_2_77370	Harbinger-19_OS	75.909	220	53	0	16	235	1054	1273	3.38e-39	158
Rice_2_77370	Harbinger-19_OS	68.696	230	52	4	16	235	1258	1039	4.12e-19	91.5
Rice_2_77370	Helitron-N175_OS	75.314	239	50	5	1	235	908	675	5.02e-37	150
Rice_2_77370	Helitron-N8D_OS	76.389	216	47	4	22	235	602	389	2.13e-35	145
Rice_2_77370	TNR1	73.109	238	52	8	5	235	5	237	1.03e-26	116
Rice_2_77370	Helitron-N34_OS	70.093	214	37	7	16	220	997	802	4.12e-19	91.5
Rice_2_109223	Mariner-N17_OS	82.063	223	34	4	16	235	222	3	6.11e-55	210
Rice_2_109223	Mariner-N17_OS	72.845	232	39	8	16	235	18	237	8.49e-28	120
Rice_2_109223	STOWAWAY2_OS	78.879	232	38	6	15	235	19	250	8.49e-47	183
Rice_2_109223	STOWAWAY2_OS	70.513	234	54	8	1	221	250	19	4.12e-19	91.5
Rice_2_109223	Harbinger-19_OS	78.571	238	45	6	1	235	1273	1039	3.61e-45	178
Rice_2_109223	Harbinger-19_OS	72.083	240	57	9	1	235	1039	1273	7.96e-22	100
Rice_2_109223	Harbinger-18_OS	78.423	241	39	8	1	235	4706	4939	1.26e-44	176
Rice_2_109223	Harbinger-18_OS	69.959	243	56	7	1	235	4939	4706	1.18e-19	93.3
Rice_2_109223	TREP215	77.119	236	52	2	1	235	235	1	1.26e-44	176
Rice_2_109223	TREP215	67.755	245	59	6	1	235	1	235	9.08e-15	77.0
Rice_2_109223	Helitron-N175_OS	76.695	236	52	3	1	235	675	908	6.52e-42	167
Rice_2_109223	Helitron-N175_OS	70.370	243	55	8	1	235	908	675	1.18e-19	93.3
Rice_2_109223	Helitron-N118_OS	77.982	218	40	5	20	235	961	1172	2.77e-40	161
Rice_2_109223	Helitron-N118_OS	71.362	213	33	11	16	216	1157	961	1.75e-17	86.0
Rice_2_109223	Helitron-N129_OS	75.934	241	45	8	1	235	7518	7751	1.75e-36	149
Rice_2_109223	Helitron-N129_OS	69.421	242	59	10	1	235	7751	7518	3.86e-13	71.6
Rice_2_109223	hAT-N43_OS	76.471	221	39	8	21	235	1558	1771	9.07e-34	140
Rice_2_109223	hAT-N43_OS	68.778	221	56	7	1	215	1771	1558	4.70e-12	68.0
Rice_2_109223	Helitron-N8D_OS	74.262	237	57	4	1	235	389	623	3.17e-33	138
Rice_2_109223	TNR1	72.414	232	54	7	10	235	228	1	5.36e-24	107
Rice_2_109223	TNR1	68.050	241	59	9	5	235	5	237	5.73e-11	64.4
Rice_2_109223	Helitron-N34_OS	71.304	230	39	8	15	235	801	1012	1.87e-23	105
Rice_2_82899	Harbinger-N7_OS	99.599	499	1	1	1	498	499	1	0.0	888
Rice_3_99608	Harbinger-N7B_OS	100.000	530	0	0	6	535	1	530	0.0	957
Rice_2_184254	Helitron-N91_OS	87.234	141	15	2	1	139	2345	2484	3.57e-42	167
Rice_2_184254	OSHOOTER	87.234	141	15	2	1	139	1098	1237	3.57e-42	167
Rice_2_184254	GAIJIN	81.119	143	17	3	1	134	147	6	7.36e-32	132
Rice_1_172894	OSHOOTER	96.479	142	3	1	2	141	1237	1096	1.29e-61	232
Rice_1_172894	Helitron-N91_OS	94.326	141	6	1	2	140	2484	2344	9.96e-57	215
Rice_2_62278	Helitron-N91_OS	86.885	122	14	2	7	127	2465	2345	1.29e-34	141
Rice_2_62278	OSHOOTER	86.777	121	14	2	8	127	1217	1098	4.49e-34	140
Rice_2_62278	GAIJIN	80.992	121	12	4	16	127	29	147	2.66e-24	107
Rice_3_102826	GAIJIN	94.521	146	8	0	1	146	2	147	1.33e-60	228
Rice_3_102826	hAT-6N1_OS	92.063	126	10	0	1	126	536	661	4.96e-47	183
Rice_3_102826	Helitron-N91_OS	77.181	149	23	4	1	147	2483	2344	3.14e-24	107
Rice_3_102826	OSHOOTER	77.181	149	23	4	1	147	1236	1097	3.14e-24	107
Rice_3_102826	UNIQUE	73.846	130	22	4	28	146	30	158	1.85e-14	75.2
Rice_3_83926	Helitron-N91_OS	89.362	141	4	1	1	130	2484	2344	9.66e-50	192
Rice_3_83926	OSHOOTER	84.615	143	11	1	1	132	1237	1095	1.34e-41	165
Rice_2_39066	GAIJIN	94.558	147	8	0	17	163	1	147	4.61e-61	230
Rice_2_39066	OSHOOTER	75.776	161	28	4	8	166	1246	1095	3.79e-24	107
Rice_2_39066	Helitron-N91_OS	76.471	153	25	4	14	164	2487	2344	1.32e-23	105
Rice_2_39066	UNIQUE	72.222	162	26	6	17	163	1	158	5.27e-16	80.6
Rice_1_49325	hAT-6N1_OS	95.792	998	25	4	1	981	1	998	0.0	1608
Rice_2_62324	GAIJIN	84.426	122	14	3	6	126	27	144	9.80e-30	125
Rice_2_199025	UNIQUE	88.608	158	7	2	1	147	1	158	1.52e-53	205
Rice_2_199025	GAIJIN	74.834	151	30	6	1	147	1	147	1.25e-16	82.4
Rice_3_85340	JOUZHEN	90.803	598	40	2	1	585	596	1	0.0	836
Rice_3_118715	UNIQUE	84.810	158	13	2	10	156	158	1	2.59e-45	178
Rice_2_129950	Mariner-N9_OS	84.647	241	21	6	1	226	240	1	4.51e-69	257
Rice_2_129950	Mariner-N9_OS	73.554	242	46	8	1	226	1	240	1.58e-30	129
Rice_1_205622	Mariner-N9_OS	93.776	241	14	1	1	241	1	240	1.29e-101	365
Rice_1_205622	Mariner-N9_OS	81.405	242	42	3	1	241	240	1	9.95e-59	223
Rice_2_139483	Mariner-N9_OS	93.839	211	12	1	1	211	225	16	4.15e-88	320
Rice_2_139483	Mariner-N9_OS	78.774	212	42	3	1	211	16	225	1.66e-42	168
Rice_2_120213	Harbinger-N10_OS	86.256	211	23	5	34	240	35	243	5.48e-62	233
Rice_2_120213	WANDERER	81.081	222	30	5	1	220	1	212	1.13e-51	199
Rice_2_120213	Helitron-N40B_OS	79.918	244	38	7	1	240	2351	2587	3.94e-51	197
Rice_1_79461	Harbinger-N10_OS	87.685	203	20	4	2	200	243	42	3.62e-64	241
Rice_1_79461	Helitron-N40B_OS	83.663	202	27	5	1	201	2588	2392	1.11e-51	199
Rice_3_44505	Helitron-N40B_OS	82.090	201	30	5	1	200	2587	2392	8.77e-47	183
Rice_3_44505	Helitron-N40B_OS	75.124	201	45	4	3	200	2222	2024	7.20e-29	123
Rice_2_29743	Helitron-N40B_OS	83.710	221	31	5	22	239	2370	2588	1.20e-57	219
Rice_2_29743	Harbinger-N10_OS	81.281	203	29	6	44	238	42	243	1.28e-44	176
Rice_3_3697	MuDR-N62_OS	88.757	169	16	2	1	166	256	424	3.90e-56	214
Rice_3_3697	Harbinger-N10_OS	88.344	163	13	4	14	170	42	204	1.05e-50	196
Rice_3_3697	Harbinger-N9B_OS	86.061	165	20	2	15	176	43	207	1.55e-48	188
Rice_3_3697	WANDERER	84.270	178	23	3	15	188	34	210	5.42e-48	187
Rice_3_3697	MuDR-32_OS	83.158	190	26	4	1	186	899	712	5.42e-48	187
Rice_3_3697	Helitron-N40B_OS	85.475	179	18	6	13	188	2392	2565	5.42e-48	187
Rice_3_3697	Helitron-N40B_OS	76.243	181	36	5	13	188	2024	2202	8.05e-27	116
Rice_3_3697	Harbinger-N9_OS	86.503	163	18	3	15	173	43	205	1.89e-47	185
Rice_3_3697	Helitron-N171_OS	76.190	189	37	3	5	188	1794	1979	8.60e-33	136
Rice_3_3697	TOURIST-XV	74.854	171	34	6	12	177	40	206	7.54e-21	96.9
Rice_3_3697	Helitron-N27_OS	68.862	167	44	4	13	179	1129	971	6.62e-09	57.2
Rice_3_3697	Helitron-N27B_OS	68.485	165	42	4	13	177	1960	1806	2.31e-08	55.4
Rice_3_34248	Helitron-N40B_OS	75.113	221	50	4	19	236	2206	1988	3.24e-33	138
Rice_3_34248	MuDR-32_OS	76.884	199	38	5	21	215	708	902	1.13e-32	136
Rice_1_203101	Harbinger-N10_OS	96.708	243	8	0	1	243	243	1	5.19e-113	403
Rice_1_192400	WANDERER	85.427	199	27	2	43	240	34	231	3.50e-58	221
Rice_1_192400	Helitron-N175_OS	81.000	200	33	2	41	240	1942	2136	2.52e-47	185
Rice_1_192400	Helitron-N171_OS	76.056	213	39	6	32	238	1793	1999	2.70e-34	141
Rice_1_192400	MuDR-32_OS	72.350	217	53	4	26	239	902	690	1.59e-24	109
Rice_3_67143	WANDERER	93.939	231	9	2	5	230	1	231	9.43e-97	349
Rice_3_67143	Helitron-N175_OS	80.000	230	35	3	1	230	1918	2136	2.53e-53	205
Rice_3_67143	Helitron-N40B_OS	79.204	226	25	7	1	210	2347	2566	2.37e-47	185
Rice_3_67143	Helitron-N171_OS	77.157	197	33	5	25	215	1795	1985	2.08e-35	145
Rice_3_67143	TOURIST-XV	76.884	199	37	7	32	226	41	234	1.60e-30	129
Rice_3_62305	Helitron-N40B_OS	84.232	241	30	6	1	237	2351	2587	2.99e-65	244
Rice_3_62305	WANDERER	82.727	220	25	4	1	216	1	211	1.19e-57	219
Rice_2_209391	MuDR-N62_OS	96.798	812	13	4	1	799	812	1	0.0	1341
Rice_3_156312	WANDERER	81.933	238	34	5	3	237	232	1	3.46e-58	221
Rice_3_156312	Helitron-N175_OS	80.597	201	35	2	1	201	2139	1943	3.03e-46	181
Rice_3_156312	Helitron-N40B_OS	77.512	209	31	10	39	238	2551	2350	3.95e-32	134
Rice_1_161329	Helitron-N40B_OS	79.126	206	35	6	38	242	2389	2587	3.49e-39	158
Rice_1_161329	Helitron-N40B_OS	73.529	204	49	5	21	222	2004	2204	5.54e-24	107
Rice_3_157742	Harbinger-N9_OS	93.913	230	12	2	14	242	229	1	1.22e-95	345
Rice_3_157742	Harbinger-N9B_OS	96.552	203	7	0	40	242	203	1	2.20e-92	334
Rice_3_157742	hAT-N77_OS	72.016	243	50	6	1	242	472	247	2.51e-28	122
Rice_3_157742	Helitron-N132_OS	70.588	204	46	7	40	240	1398	1590	7.70e-16	80.6
Rice_2_139760	Harbinger-N1_OS	97.585	207	5	0	1	207	31	237	2.40e-97	351
Rice_3_907	Harbinger-N1_OS	90.164	244	18	1	1	238	250	7	7.60e-92	333
Rice_2_82906	Harbinger-N1_OS	92.021	188	15	0	1	188	30	217	1.66e-73	271
Rice_2_82906	WANDERER	79.245	159	30	3	13	168	192	34	4.45e-30	127
Rice_3_191957	Harbinger-N1_OS	85.549	173	23	2	4	176	222	52	1.48e-49	192
Rice_3_191957	Helitron-N27B_OS	70.000	190	40	6	15	201	1972	1797	2.85e-14	75.2
Rice_1_78483	hAT-N46_OS	98.257	746	7	4	1	740	1	746	0.0	1274
Rice_3_89197	STOWAWAY11_OS	98.288	292	5	0	27	318	1	292	2.76e-143	504
Rice_3_127171	STOWAWAY12_OS	97.436	312	8	0	1	312	312	1	2.36e-150	527
Rice_2_39461	OSTE18	90.323	124	11	1	1	124	126	4	3.14e-42	167
Rice_2_39461	OSTE18	88.710	124	13	1	1	124	4	126	1.63e-39	158
Rice_2_123428	OSTE18	77.419	124	6	1	1	102	126	3	4.76e-26	113
Rice_2_123428	OSTE18	77.419	124	6	1	1	102	4	127	4.76e-26	113
Rice_1_75149	OSTE18	86.667	120	7	1	1	111	128	9	7.35e-37	149
Rice_1_75149	OSTE18	84.874	119	9	1	2	111	3	121	1.33e-33	138
Rice_1_131659	F569	96.070	229	8	1	1	229	1	228	1.00e-102	369
Rice_2_183210	F569	96.059	203	7	1	1	203	202	1	2.71e-90	327
Rice_1_165609	hAT-N22_OS	98.491	265	1	3	3	266	1	263	4.45e-127	450
Rice_3_183139	hAT-N22B_OS	97.561	205	1	2	5	206	206	3	1.24e-94	342
Rice_3_183139	hAT-N22_OS	87.356	174	20	2	5	178	263	92	1.85e-54	208
Rice_3_94794	Harbinger-N90_OS	85.222	203	4	1	1	203	1	177	5.91e-67	250
Rice_3_94794	Harbinger-N90_OS	66.990	206	36	4	1	203	177	1	7.71e-15	77.0
Rice_3_94794	COWARD-3	84.685	222	14	4	1	203	1	221	2.06e-66	248
Rice_3_94794	COWARD	83.251	203	31	3	1	203	1	200	7.69e-53	203
Rice_3_94794	hAT-N41_OS	84.021	194	29	2	6	198	451	643	7.69e-53	203
Rice_1_107099	Harbinger-N90_OS	85.946	185	17	2	1	184	177	1	1.09e-56	215
Rice_1_107099	Harbinger-N90_OS	67.553	188	46	5	1	184	1	177	2.25e-08	55.4
Rice_1_107099	COWARD	82.673	202	15	3	1	184	200	1	1.33e-55	212
Rice_1_107099	COWARD-3	88.816	152	11	4	1	147	221	71	1.85e-47	185
Rice_1_107099	hAT-N41_OS	77.835	194	22	5	6	179	643	451	1.09e-37	152
Rice_1_107099	COWARD-2	79.679	187	30	6	1	183	183	1	4.64e-36	147
Rice_2_3926	Harbinger-N90_OS	92.655	177	3	1	1	167	177	1	6.15e-72	266
Rice_2_3926	Harbinger-N90_OS	70.166	181	36	4	1	167	1	177	1.45e-16	82.4
Rice_3_164268	COWARD-3	78.222	225	33	7	2	214	1	221	1.71e-42	168
Rice_3_164268	COWARD	75.401	187	31	6	29	214	28	200	9.47e-27	116
Rice_1_198898	hAT-N41_OS	98.011	754	4	2	1	743	1	754	0.0	1294
Rice_1_72444	hAT-N41_OS	93.000	200	6	3	1	192	650	451	1.83e-79	291
Rice_1_72444	COWARD-2	81.675	191	24	3	3	193	183	4	6.85e-47	183
Rice_1_72444	COWARD-3	76.168	214	21	7	8	193	216	5	1.16e-37	152
Rice_1_72444	COWARD	76.410	195	29	8	10	193	193	5	5.62e-29	123
Rice_1_72444	Harbinger-N90_OS	72.581	186	33	3	8	193	172	5	1.24e-24	109
Rice_1_83062	COWARD-3	81.739	230	28	7	1	225	1	221	7.09e-54	206
Rice_1_83062	hAT-N41_OS	74.208	221	32	7	1	220	447	643	1.28e-31	132
Rice_1_83062	COWARD	70.667	225	41	5	1	225	1	200	1.46e-24	109
Rice_1_83062	COWARD-2	64.286	224	39	7	2	225	1	183	1.20e-06	50.0
Rice_3_165218	OSTE19	82.353	153	23	3	1	150	156	5	1.32e-35	145
Rice_3_165218	OSTE19	78.431	153	29	3	5	154	5	156	1.83e-27	118
Rice_2_56691	OSTE19	70.968	124	26	7	3	117	27	149	0.001	39.2
Rice_1_113877	MuDR-N11_OS	98.927	466	4	1	1	465	466	1	0.0	814
Rice_1_113877	MuDR-N11_OS	80.672	476	71	7	1	465	1	466	2.14e-121	432
Rice_3_117878	hAT-N5_OS	99.479	192	0	1	1	192	191	1	1.39e-93	338
Rice_1_98453	hAT-N5B_OS	99.574	235	0	1	1	234	1	235	7.88e-117	416
Rice_2_160965	MuDR-N10_OS	97.736	530	12	0	1	530	530	1	0.0	904
Rice_3_189114	MuDR-N40_OS	99.561	684	2	1	1	683	1	684	0.0	1216
Rice_1_104945	STOWAWAY41_OS	91.538	260	19	2	1	257	3	262	4.84e-101	363
Rice_1_104945	STOWAWAY41_OS	85.057	261	34	4	1	257	262	3	1.30e-76	282
Rice_1_146196	STOWAWAY41_OS	89.177	231	21	3	1	227	18	248	1.80e-80	295
Rice_1_146196	STOWAWAY41_OS	81.545	233	35	6	1	227	247	17	7.16e-54	206
Rice_2_93513	STOWAWAY41_OS	83.846	260	39	2	1	257	262	3	6.73e-74	273
Rice_2_93513	STOWAWAY41_OS	77.820	266	44	7	1	257	3	262	1.48e-50	196
Rice_2_93513	DNA9-7D_OS	69.205	302	38	9	1	257	1564	1273	4.26e-32	134
Rice_2_125090	STOWAWAY41_OS	82.648	219	35	2	1	216	242	24	3.74e-57	217
Rice_2_125090	STOWAWAY41_OS	76.000	225	39	8	1	216	23	241	8.26e-34	140
Rice_2_37224	STOWAWAY41_OS	80.297	269	39	6	5	266	262	1	2.17e-61	232
Rice_2_37224	STOWAWAY41_OS	73.358	274	49	10	5	266	3	264	3.01e-34	141
Rice_2_37224	DNA9-7D_OS	69.355	310	31	12	5	266	1564	1271	4.47e-32	134
Rice_2_162322	CLOUD-3	82.852	554	72	7	1	535	1	550	7.10e-160	560
Rice_2_162322	MuDR-N15_OS	71.245	546	98	8	1	535	1	498	1.29e-80	297
Rice_2_116745	CLOUD-2	85.914	717	60	8	1	682	1	711	0.0	839
Rice_1_96882	Mudr5-N1_OS	77.491	542	87	13	1	528	5	525	8.00e-115	410
Rice_3_212861	MuDR-N74C_OS	87.193	570	34	9	1	546	555	1	0.0	693
Rice_3_212861	MuDR-N74B_OS	86.462	554	64	8	1	546	551	1	0.0	636
Rice_3_212861	MuDR-N74_OS	81.347	579	49	13	1	546	553	1	1.08e-157	553
Rice_2_72369	MuDR-N15_OS	99.598	498	2	0	1	498	1	498	0.0	892
Rice_2_72369	CLOUD-3	67.138	566	102	15	1	498	1	550	1.28e-48	190
Rice_2_7609	MuDR-N280_OS	85.734	715	72	7	1	708	1	692	0.0	825
