MITE_T_1|chr08|15722104|15722604|aa|165|F1	MuDR-N11_OS	87.371	483	38	7	11	489	466	3	3.85e-153	532
MITE_T_8|chr01|14141426|14141923|tt|164|F2	CLOUD-4	86.382	492	42	15	9	495	493	22	1.39e-147	514
MITE_T_11|chr12|4712374|4712869|GGACAC|16|F3	hAT-N21_OS	92.798	486	19	4	8	488	475	1	0.0	689
MITE_T_22|chr11|4903284|4903773|TT|177|F4	MuDR-N11_OS	89.809	471	41	5	11	479	1	466	1.32e-172	597
MITE_T_26|chr11|23547524|23548297|CGGGCGCCCG|12|F5	TOURIST-XIII	85.662	272	37	1	438	707	2	273	1.86e-78	285
MITE_T_30|chr10|15916830|15917317|atatatatat|86|F6	MICROPON-LIKE-1	90.102	394	37	2	48	440	1	393	1.76e-146	510
MITE_T_33|chr10|11967870|11968356|AT|68|F7	CLOUD-4	84.055	439	47	10	11	441	520	97	1.10e-113	401
MITE_T_33|chr10|11967870|11968356|AT|68|F7	CLOUD-4	84.906	159	21	3	25	181	15	172	2.63e-40	158
MITE_T_36|chr08|903237|903722|gc|23|F8	Harbinger-N7B_OS	94.021	485	27	2	1	485	25	507	0.0	734
MITE_T_39|chr03|9455032|9455516|TCA|23|F9	Harbinger-N6B_OS	92.578	512	4	5	4	481	1	512	0.0	704
MITE_T_46|chr02|23897258|23897739|tatatatata|77|F11	MICROPON-LIKE-1	98.077	364	7	0	53	416	393	30	0.0	634
MITE_T_67|chr10|16342481|16342962|GTCATGGc|18|F12	hAT-N14_OS	92.019	426	30	4	9	430	1	426	4.65e-172	595
MITE_T_76|chr01|35181638|35182118|GC|19|F14	JINHUA	81.713	432	44	17	56	470	415	2	1.87e-91	327
MITE_T_79|chr12|6951199|6951675|GCGGAGgg|23|F15	hAT-N32_OS	81.684	475	46	26	9	468	449	1	2.36e-100	357
MITE_T_82|chr05|8501959|8502431|TA|25|F16	CASGRANDA	96.360	467	14	2	4	469	1	465	0.0	765
MITE_T_86|chr09|13900763|13901235|gat|121|F17	MuDR-N95_OS	87.371	483	49	6	1	471	486	4	4.66e-157	545
MITE_T_89|chr02|8219241|8219713|ca|34|F18	MICROPON-LIKE-1B	85.417	336	46	3	39	373	17	350	5.07e-97	346
MITE_T_92|chr10|15848486|15848955|gg|18|F19	OSTE9	89.928	417	21	7	45	440	1	417	1.01e-148	518
MITE_T_92|chr10|15848486|15848955|gg|18|F19	OSTE9	88.010	417	29	8	45	440	417	1	2.22e-135	473
MITE_T_95|chr04|16888308|16888774|atat|44|F20	MICROPON-LIKE-1	98.626	364	5	0	58	421	30	393	0.0	645
MITE_T_144|chr09|3229505|3229964|ggatcggg|14|F23	hAT-N66_OS	98.649	444	5	1	9	451	444	1	0.0	785
MITE_T_148|chr08|8151627|8152085|GGGC|12|F24	JINHUA	80.482	456	43	22	8	437	2	437	2.32e-85	307
MITE_T_151|chr06|15933302|15933756|at|69|F25	Harbinger-N61_OS	96.571	175	6	0	22	196	1	175	2.32e-80	291
MITE_T_151|chr06|15933302|15933756|at|69|F25	Harbinger-N61_OS	88.889	216	19	4	215	430	496	706	1.82e-71	261
MITE_T_163|chr11|10093374|10093824|aaa|140|F27	TYPEG	95.059	425	21	0	1	425	425	1	0.0	669
MITE_T_185|chr12|9951097|9951545|AT|26|F28	MPING	100.000	430	0	0	9	438	430	1	0.0	795
MITE_T_233|chr01|18133776|18134224|AAT|16|F29	CASTAWAY	88.251	366	39	4	7	370	1	364	9.97e-124	435
MITE_T_239|chr02|19308885|19309329|TAA|25|F30	Harbinger-N57_OS	99.087	438	4	0	4	441	1	438	0.0	787
MITE_T_242|chr11|16983424|16983868|ATAAAAA|173|F31	TNR8-21	92.558	430	29	3	9	436	1	429	1.18e-177	614
MITE_T_242|chr11|16983424|16983868|ATAAAAA|173|F31	TNR8-21	85.465	172	22	3	267	436	171	1	6.61e-46	176
MITE_T_245|chr01|33167854|33168296|aaattt|10|F32	CASTAWAY	85.165	364	54	0	19	382	1	364	2.17e-105	374
MITE_T_265|chr04|30077142|30077582|tt|26|F33	Harbinger-N4_OS	96.680	241	8	0	197	437	166	406	9.92e-114	401
MITE_T_265|chr04|30077142|30077582|tt|26|F33	Harbinger-N4_OS	96.891	193	5	1	4	196	1	192	7.95e-90	322
MITE_T_282|chr12|13563621|13564058|at|23|F34	DNA9-N2_OS	97.573	412	10	0	1	412	413	2	0.0	706
MITE_T_282|chr12|13563621|13564058|at|23|F34	DNA9-N2_OS	96.154	104	4	0	302	405	312	415	3.02e-44	171
MITE_T_298|chr08|18376034|18376469|TTA|20|F35	Harbinger-N4_OS	84.737	190	24	5	245	432	187	1	1.07e-48	185
MITE_T_306|chr01|28087297|28087728|GGACTCACCT|13|F37	hAT-N61_OS	92.754	414	28	2	11	422	2	415	1.15e-172	597
MITE_T_309|chr01|21610996|21611426|ta|36|F38	MuDR-N95_OS	96.512	430	15	0	1	430	474	45	0.0	713
MITE_T_313|chr07|16434783|16435210|TCTAAA|38|F39	MuDR-N115B_OS	92.381	420	22	5	9	420	2	419	5.32e-171	592
MITE_T_313|chr07|16434783|16435210|TCTAAA|38|F39	MuDR-N115B_OS	87.736	106	10	3	51	155	110	213	8.38e-30	122
MITE_T_313|chr07|16434783|16435210|TCTAAA|38|F39	MuDR-N115B_OS	88.421	95	10	1	125	219	57	150	5.05e-27	113
MITE_T_322|chr03|6668827|6669253|TAA|14|F41	STOLA	91.234	308	23	2	4	309	369	64	3.43e-118	416
MITE_T_322|chr03|6668827|6669253|TAA|14|F41	STOLA	96.610	118	4	0	306	423	118	1	4.86e-52	196
MITE_T_325|chr03|8227762|8228186|tatata|149|F42	DNA9-N2_OS	89.882	425	22	3	1	424	414	10	1.51e-151	527
MITE_T_325|chr03|8227762|8228186|tatata|149|F42	DNA9-N2_OS	85.135	148	13	5	278	424	275	414	6.39e-36	143
MITE_T_325|chr03|8227762|8228186|tatata|149|F42	DNA9-N2_OS	87.500	56	3	4	278	331	308	361	1.84e-11	62.1
MITE_T_373|chr12|6582500|6582922|AG|16|F43	BUHUI	96.524	374	13	0	29	402	1	374	2.41e-179	619
MITE_T_439|chr06|598633|599049|TAta|107|F45	DNA9-N2_OS	85.714	287	26	12	41	320	73	351	7.60e-80	289
MITE_T_439|chr06|598633|599049|TAta|107|F45	DNA9-N2_OS	95.652	138	6	0	279	416	277	414	7.82e-60	222
MITE_T_439|chr06|598633|599049|TAta|107|F45	DNA9-N2_OS	91.262	103	9	0	314	416	112	10	2.25e-35	141
MITE_T_448|chr02|15886861|15887276|TAta|103|F47	DNA9-N2_OS	93.122	189	12	1	1	188	10	198	5.90e-76	276
MITE_T_448|chr02|15886861|15887276|TAta|103|F47	DNA9-N2_OS	88.350	103	12	0	313	415	112	10	2.26e-30	124
MITE_T_452|chr09|5978342|5978757|tg|47|F48	CASTAWAY	89.344	366	36	3	27	391	1	364	1.96e-130	457
MITE_T_456|chr08|4091226|4091639|TTA|25|F49	Harbinger-N44_OS	98.526	407	6	0	4	410	407	1	0.0	719
MITE_T_462|chr11|20275106|20275516|ta|55|F51	CASLET	98.023	354	7	0	3	356	1	354	3.02e-178	616
MITE_T_466|chr08|22776558|22776967|TTA|46|F52	Harbinger-N61_OS	88.991	218	15	7	4	219	706	496	1.63e-71	261
MITE_T_466|chr08|22776558|22776967|TTA|46|F52	Harbinger-N61_OS	90.000	180	13	1	227	406	175	1	1.65e-61	228
MITE_T_491|chr04|21641157|21641564|ta|23|F53	DNA9-N4_OS	89.423	208	22	0	1	208	10	217	4.50e-72	263
MITE_T_494|chr07|696513|696920|gc|18|F54	MuDR-N115_OS	90.663	407	16	5	2	407	9	394	6.73e-150	521
MITE_T_494|chr07|696513|696920|gc|18|F54	MuDR-N115_OS	93.671	79	2	3	50	126	120	197	1.33e-27	115
MITE_T_494|chr07|696513|696920|gc|18|F54	MuDR-N115_OS	91.026	78	5	2	113	189	57	133	2.89e-24	104
MITE_T_498|chr01|9073836|9074243|TAta|104|F55	DNA9-N2_OS	90.686	408	34	3	1	407	10	414	1.86e-155	540
MITE_T_498|chr01|9073836|9074243|TAta|104|F55	DNA9-N2_OS	89.062	128	10	4	1	126	414	289	7.86e-40	156
MITE_T_507|chr06|30861796|30862203|TAta|104|F56	DNA9-N2_OS	90.909	407	35	2	1	407	10	414	3.99e-157	545
MITE_T_507|chr06|30861796|30862203|TAta|104|F56	DNA9-N2_OS	93.204	103	7	0	305	407	112	10	1.02e-38	152
MITE_T_507|chr06|30861796|30862203|TAta|104|F56	DNA9-N2_OS	93.204	103	7	0	1	103	414	312	1.02e-38	152
MITE_T_512|chr04|20297682|20298088|TCA|13|F57	CASTAWAY	93.333	150	10	0	254	403	150	1	7.62e-60	222
MITE_T_524|chr09|9508672|9509077|TAta|104|F58	DNA9-N2_OS	96.790	405	13	0	1	405	10	414	0.0	676
MITE_T_524|chr09|9508672|9509077|TAta|104|F58	DNA9-N2_OS	96.117	103	4	0	1	103	414	312	1.00e-43	169
MITE_T_524|chr09|9508672|9509077|TAta|104|F58	DNA9-N2_OS	94.175	103	6	0	303	405	112	10	2.17e-40	158
MITE_T_606|chr02|28370723|28371128|TAta|104|F59	DNA9-N2_OS	93.333	405	27	0	1	405	10	414	3.01e-173	599
MITE_T_606|chr02|28370723|28371128|TAta|104|F59	DNA9-N2_OS	89.320	103	11	0	303	405	112	10	4.74e-32	130
MITE_T_632|chr03|12908832|12909236|tata|115|F60	DNA9-N2_OS	92.346	405	30	1	1	404	414	10	5.05e-166	575
MITE_T_655|chr08|23798128|23798532|TAta|128|F62	DNA9-N2_OS	93.580	405	25	1	1	404	10	414	2.32e-174	603
MITE_T_675|chr06|29894716|29895119|AA|19|F63	Harbinger-N4_OS	87.531	409	38	6	3	401	406	1	1.47e-131	460
MITE_T_679|chr09|20813493|20813894|AT|43|F64	CASTAWAY	84.153	366	54	3	19	382	1	364	9.20e-99	351
MITE_T_685|chr02|31966845|31967244|TTA|15|F65	STOLA	86.076	395	27	10	4	396	369	1	3.22e-113	399
MITE_T_704|chr02|4841944|4842341|TA|17|F66	Harbinger-N61_OS	92.857	42	3	0	55	96	704	663	1.72e-11	62.1
MITE_T_722|chr06|1864057|1864453|ggcc|10|F68	CASTAWAY	83.073	384	44	10	1	384	1	363	4.25e-92	329
MITE_T_740|chr01|40316692|40317085|TA|10|F69	AMYLTP	97.305	371	9	1	24	393	383	13	0.0	628
MITE_T_751|chr03|17167791|17168181|AT|35|F71	CASTAWAY	84.426	366	52	4	13	376	364	2	6.91e-100	355
MITE_T_802|chr02|1418074|1418463|gc|42|F72	DNA9-N4_OS	92.021	188	13	2	204	389	195	8	4.29e-72	263
MITE_T_810|chr11|27848249|27848636|ATTT|58|F74	DNA8-2_OS	96.802	344	9	2	38	381	342	1	1.74e-165	573
MITE_T_818|chr11|692438|692825|TAA|19|F75	STOLA	90.237	379	25	6	6	384	367	1	8.37e-139	484
MITE_T_829|chr06|2318147|2318534|AT|131|F77	MuDR-N31_OS	94.475	362	20	0	15	376	1	362	4.87e-161	558
MITE_T_921|chr03|3753611|3753995|AT|18|F81	TOUNJ-30	98.939	377	4	0	4	380	1	377	0.0	675
MITE_T_924|chr05|14016899|14017283|ATT|131|F82	MuDR-N31B_OS	87.845	362	44	0	13	374	362	1	5.11e-121	425
MITE_T_924|chr05|14016899|14017283|ATT|131|F82	MuDR-N31B_OS	87.500	120	15	0	255	374	244	363	7.45e-35	139
MITE_T_943|chr03|12146258|12146640|TTTA|22|F84	CASTAWAY	84.840	376	43	8	5	378	364	1	3.12e-103	366
MITE_T_962|chr08|2472530|2472909|AT|21|F87	CASTAWAY	85.908	369	46	4	7	374	1	364	6.61e-110	388
MITE_T_966|chr07|13279385|13280145|ATATTGTA|11|F88	hAT-N46_OS	98.391	746	10	1	9	752	1	746	0.0	1310
MITE_T_975|chr04|21835613|21835991|AT|44|F91	Mariner-N5_OS	91.667	204	11	2	11	209	1	203	1.49e-76	278
MITE_T_978|chr11|2747093|2747471|TTA|23|F92	CASTAWAY	87.263	369	39	4	7	375	361	1	1.09e-117	414
MITE_T_992|chr10|15975872|15976250|TTA|16|F93	STOLA	93.280	372	22	2	4	375	369	1	3.70e-157	545
MITE_T_1054|chr08|27760740|27761117|aat|29|F94	TYPEU4	87.871	371	36	8	3	370	11	375	1.39e-121	427
MITE_T_1064|chr02|14687149|14687524|TTA|19|F96	STOLA	92.683	369	27	0	4	372	1	369	2.85e-153	532
MITE_T_1078|chr10|19835103|19835477|at|31|F97	TYPEU4	90.305	361	33	1	16	374	369	9	6.29e-135	472
MITE_T_1101|chr12|17919750|17920123|TAA|13|F98	TOURIST6A_OS	77.604	192	38	5	78	267	1	189	1.58e-26	111
MITE_T_1104|chr03|20887371|20887743|TTA|21|F99	CASTAWAY	88.705	363	39	1	7	369	361	1	4.90e-126	442
MITE_T_1111|chr06|7178997|7179757|CAAAGTATA|303|F100	MUDRN2_OS	88.814	295	29	4	10	302	756	464	1.06e-100	359
MITE_T_1111|chr06|7178997|7179757|CAAAGTATA|303|F100	MUDRN2_OS	88.176	296	31	4	10	302	1	295	6.38e-98	350
MITE_T_1114|chr04|20312859|20313231|TTAA|19|F101	CASTAWAY	83.791	364	59	0	5	368	364	1	3.96e-97	346
MITE_T_1123|chr08|3224847|3225219|ggc|18|F102	CASLET	84.140	372	39	8	1	372	2	353	5.12e-96	342
MITE_T_1140|chr01|28740977|28741348|AT|24|F105	OLO24C	87.088	364	28	4	9	362	1	355	1.39e-111	394
MITE_T_1154|chr09|17697338|17697709|TAta|118|F108	DNA9-N2_OS	86.207	116	14	2	257	371	124	10	2.01e-30	124
MITE_T_1157|chr09|19836639|19837009|TTA|24|F109	CASTAWAY	85.792	366	48	3	4	367	1	364	8.34e-109	385
MITE_T_1163|chr11|18867178|18867548|TGA|16|F110	CASLET	84.977	213	32	0	155	367	213	1	3.22e-58	217
MITE_T_1166|chr07|22892348|22892718|taa|15|F111	CASTAWAY	84.066	364	58	0	4	367	1	364	8.45e-99	351
MITE_T_1205|chr06|8908734|8909104|TTA|23|F113	CASTAWAY	93.075	361	25	0	7	367	361	1	3.64e-152	529
MITE_T_1208|chr03|14143373|14143743|tata|119|F114	DNA9-N2_OS	88.125	320	25	3	64	370	329	10	8.39e-104	368
MITE_T_1208|chr03|14143373|14143743|tata|119|F114	DNA9-N2_OS	94.667	75	4	0	1	75	414	340	3.36e-28	117
MITE_T_1211|chr04|29342746|29343116|TTA|13|F115	CASTAWAY	86.885	366	44	4	4	367	1	364	1.78e-115	407
MITE_T_1216|chr07|290437|290807|TTA|13|F116	CASTAWAY	87.158	366	43	4	4	367	364	1	3.82e-117	412
MITE_T_1242|chr08|26426719|26427087|ATTATgag|15|F118	hAT-N79_OS	93.985	133	6	2	230	360	133	1	3.22e-53	200
MITE_T_1242|chr08|26426719|26427087|ATTATgag|15|F118	hAT-N79_OS	88.235	102	12	0	9	110	289	188	7.17e-30	122
MITE_T_1246|chr09|18720635|18721002|GATC|19|F119	TYPEH	89.180	305	31	2	35	339	1	303	3.85e-107	379
MITE_T_1249|chr05|13485121|13485488|GATC|26|F120	OLO24	89.318	337	29	6	18	350	6	339	2.93e-118	416
MITE_T_1266|chr11|25823357|25823724|TA|19|F121	Harbinger-N5B_OS	91.292	356	22	4	7	361	348	1	1.33e-136	477
MITE_T_1269|chr09|905502|905868|CATG|13|F122	NDNA1TNA_OS	99.401	334	2	0	19	352	334	1	1.62e-175	606
MITE_T_1279|chr10|17540234|17540598|GGGccc|15|F124	CASTAWAY	84.890	364	55	0	1	364	364	1	8.25e-104	368
MITE_T_1283|chr01|32725627|32725991|aAGATTTaa|54|F125	MUDRN5_OS	90.616	341	30	2	10	349	1	340	7.96e-129	451
MITE_T_1290|chr05|12292905|12293269|tta|13|F126	SUSU	93.548	279	18	0	39	317	279	1	2.91e-118	416
MITE_T_1297|chr10|15264131|15264492|at|18|F128	TYPEU3	82.514	366	55	5	1	361	10	371	3.89e-87	313
MITE_T_1307|chr04|11008966|11009327|TTa|13|F129	OLO24C	86.376	367	29	10	2	359	1	355	1.05e-107	381
MITE_T_1314|chr03|4762906|4763267|GAGTCGCTG|111|F131	MUDRN4_OS	91.279	344	17	8	10	352	332	1	1.70e-130	457
MITE_T_1321|chr05|26784925|26785285|gc|21|F132	CASTAWAY	85.083	362	50	3	1	360	362	3	2.93e-103	366
MITE_T_1330|chr01|2526118|2526478|TAA|20|F134	OLO24A	85.590	229	26	7	47	273	271	48	3.10e-63	233
MITE_T_1345|chr10|18250260|18250620|CATG|30|F135	OLO24	91.071	336	25	5	14	346	6	339	2.83e-128	449
MITE_T_1359|chr05|22202864|22203222|CA|19|F137	OLO24	91.617	334	26	2	13	345	339	7	1.30e-131	460
MITE_T_1359|chr05|22202864|22203222|CA|19|F137	OLO24	82.500	120	19	2	121	239	114	232	2.52e-24	104
MITE_T_1391|chr01|35930559|35930917|TTA|16|F138	OLO24	88.288	333	36	3	10	340	339	8	3.72e-112	396
MITE_T_1394|chr01|9292713|9293071|TAA|13|F139	CASTAWAY	90.305	361	23	2	4	352	1	361	3.62e-132	462
MITE_T_1397|chr06|20527027|20527384|CTACg|22|F140	OLO24	90.560	339	26	3	11	348	339	6	1.31e-126	444
MITE_T_1421|chr05|19107453|19107810|TGCA|23|F141	OLO24C	88.983	354	27	5	10	351	3	356	1.32e-121	427
MITE_T_1427|chr08|6745135|6745492|AAa|14|F142	OLO24	85.909	220	29	2	89	307	90	308	3.08e-63	233
MITE_T_1427|chr08|6745135|6745492|AAa|14|F142	OLO24	79.137	139	25	3	119	255	225	89	5.45e-21	93.5
MITE_T_1438|chr08|25201444|25201800|TTA|47|F145	OLO24B	86.589	343	25	12	9	348	330	6	4.85e-101	359
MITE_T_1468|chr02|23090660|23091016|AG|24|F146	OLO24	90.476	336	29	3	11	345	6	339	1.68e-125	440
MITE_T_1472|chr08|19735263|19735617|CTa|12|F147	Harbinger-N5B_OS	94.269	349	18	2	4	351	1	348	2.69e-153	532
MITE_T_1490|chr03|6897251|6897605|TTA|46|F148	TYPEH	91.304	207	17	1	145	351	206	1	1.07e-77	281
MITE_T_1490|chr03|6897251|6897605|TTA|46|F148	TYPEH	90.780	141	13	0	4	144	309	169	6.70e-50	189
MITE_T_1503|chr01|5267224|5267577|TTA|16|F150	OLO24C	86.667	225	28	2	41	263	309	85	1.09e-67	248
MITE_T_1522|chr08|958789|959142|aatt|126|F151	MuDR-N31B_OS	97.167	353	10	0	1	353	6	358	9.36e-173	597
MITE_T_1522|chr08|958789|959142|aatt|126|F151	MuDR-N31B_OS	91.964	112	9	0	242	353	117	6	1.88e-40	158
MITE_T_1525|chr11|24002151|24002503|tga|15|F152	OLO24C	91.268	355	23	4	3	350	2	355	1.27e-136	477
MITE_T_1566|chr02|7947476|7947828|TAA|19|F154	OLO24	90.719	334	26	5	9	340	6	336	1.66e-125	440
MITE_T_1566|chr02|7947476|7947828|TAA|19|F154	OLO24	78.000	150	30	3	116	263	232	84	1.93e-20	91.6
MITE_T_1569|chr06|22973965|22974317|ATAT|27|F155	OLO24	89.521	334	33	2	12	343	339	6	6.03e-120	422
MITE_T_1573|chr03|16140952|16141304|AAA|20|F156	Harbinger-N72_OS	97.313	335	8	1	10	343	1	335	7.32e-164	568
MITE_T_1579|chr03|5521173|5521524|AT|27|F157	OLO24	92.722	316	22	1	10	324	6	321	5.93e-130	455
MITE_T_1579|chr03|5521173|5521524|AT|27|F157	OLO24	82.645	121	19	2	117	236	232	113	6.87e-25	106
MITE_T_1597|chr02|21087083|21087434|AAT|14|F158	Harbinger-N5_OS	96.522	345	10	1	4	348	343	1	2.03e-164	569
MITE_T_1607|chr01|40165327|40165677|TGa|18|F159	OLO24C	87.921	356	31	7	3	348	2	355	4.67e-116	409
MITE_T_1610|chr08|1476526|1476876|TTA|23|F160	OLO24	91.018	334	29	1	9	341	6	339	2.75e-128	449
MITE_T_1610|chr08|1476526|1476876|TTA|23|F160	OLO24	79.592	147	26	4	116	260	232	88	8.87e-24	102
MITE_T_1635|chr08|21093962|21094312|ttt|26|F162	OLO24C	87.037	324	31	7	5	319	354	33	6.16e-100	355
MITE_T_1639|chr11|26710464|26710814|ggg|10|F163	OLO24C	82.775	209	31	2	81	288	85	289	1.11e-47	182
MITE_T_1642|chr05|24305892|24306242|taa|22|F164	OLO24C	90.169	356	25	5	3	349	2	356	5.91e-130	455
MITE_T_1646|chr02|2637550|2637900|TA|18|F165	OLO24	90.504	337	26	6	9	342	339	6	1.65e-125	440
MITE_T_1668|chr02|18904988|18905336|TA|17|F168	OLO24C	86.404	228	30	1	85	311	85	312	1.07e-67	248
MITE_T_1689|chr09|12621057|12621405|GC|26|F170	OLO24C	88.933	253	26	2	44	294	310	58	1.35e-86	311
MITE_T_1692|chr03|8938975|8939322|AT|24|F171	OLO24C	89.615	260	21	3	47	300	51	310	4.79e-91	326
MITE_T_1698|chr06|27033369|27033716|TA|19|F172	OLO24C	89.925	268	18	6	42	308	310	51	2.21e-94	337
MITE_T_1759|chr07|1780040|1780387|ATAT|153|F173	OLO24C	85.836	353	32	10	6	341	354	3	4.72e-101	359
MITE_T_1762|chr08|18849228|18849575|ATT|44|F174	Mariner-N5_OS	96.914	324	9	1	13	335	1	324	4.37e-156	542
MITE_T_1762|chr08|18849228|18849575|ATT|44|F174	Mariner-N5_OS	97.059	34	1	0	302	335	34	1	1.93e-10	58.4
MITE_T_1762|chr08|18849228|18849575|ATT|44|F174	Mariner-N5_OS	100.000	31	0	0	16	46	321	291	1.93e-10	58.4
MITE_T_1778|chr05|22672397|22672744|taa|19|F175	OLO24C	90.986	355	21	5	3	346	2	356	7.52e-134	468
MITE_T_1794|chr04|18389074|18389420|ggcc|22|F176	OLO24	91.691	337	23	4	7	341	339	6	3.49e-132	462
MITE_T_1805|chr06|17057462|17057807|AT|46|F177	STOWAWAY12_OS	95.192	312	15	0	18	329	312	1	1.23e-141	494
MITE_T_1805|chr06|17057462|17057807|AT|46|F177	STOWAWAY12_OS	100.000	29	0	0	301	329	284	312	2.48e-09	54.7
MITE_T_1844|chr08|12375796|12376141|CTTAG|50|F178	TYPEH	89.316	234	23	2	5	237	309	77	4.83e-81	292
MITE_T_1844|chr08|12375796|12376141|CTTAG|50|F178	TYPEH	92.929	99	7	0	238	336	104	6	1.43e-36	145
MITE_T_1861|chr08|3627290|3627635|aatt|93|F179	MUDRN4_OS	86.667	345	31	4	1	345	2	331	7.80e-104	368
MITE_T_1866|chr04|19622114|19622459|at|67|F180	TYPEH	84.691	307	38	2	25	322	1	307	1.04e-82	298
MITE_T_1876|chr03|17171801|17172145|TAA|45|F182	TYPEH	97.115	104	3	0	4	107	309	206	5.06e-46	176
MITE_T_1885|chr10|11733379|11733723|taa|16|F183	OLO24B	86.787	333	31	10	9	336	6	330	4.68e-101	359
MITE_T_1888|chr05|12897959|12898715|ca|41|F184	MuDR-N67_OS	92.195	205	15	1	306	509	264	468	1.40e-79	289
MITE_T_1888|chr05|12897959|12898715|ca|41|F184	MuDR-N67_OS	87.791	172	8	3	228	386	299	470	1.46e-49	189
MITE_T_1888|chr05|12897959|12898715|ca|41|F184	MuDR-N67_OS	91.339	127	11	0	104	230	344	470	4.10e-45	174
MITE_T_1888|chr05|12897959|12898715|ca|41|F184	MuDR-N67_OS	93.671	79	4	1	432	509	264	342	7.01e-28	117
MITE_T_1892|chr07|16298658|16299002|cc|10|F185	OLO24C	87.310	197	22	2	64	257	281	85	6.41e-60	222
MITE_T_1895|chr06|27972433|27972775|AT|25|F186	OLO24C	82.657	271	39	4	9	271	355	85	2.94e-63	233
MITE_T_1898|chr01|14320906|14321248|cca|11|F187	OLO24C	84.375	224	33	2	38	261	307	86	8.23e-59	219
MITE_T_1902|chr02|23707745|23708087|ttaa|31|F188	TYPEU	93.671	316	17	3	30	342	35	350	2.06e-134	470
MITE_T_1902|chr02|23707745|23708087|ttaa|31|F188	TYPEU	82.792	308	42	11	33	333	304	1	1.04e-72	265
MITE_T_1906|chr09|8158782|8159124|ccc|11|F189	OLO24C	85.526	228	32	1	35	262	311	85	2.27e-64	237
MITE_T_1921|chr08|3343301|3343642|Tta|49|F192	OLO24C	83.143	350	36	8	10	339	348	2	1.03e-82	298
MITE_T_1924|chr05|26283360|26283699|GGCC|150|F193	OLO24C	87.654	324	24	9	1	310	354	33	3.56e-102	363
MITE_T_1927|chr12|16361643|16361980|ac|39|F194	STOWAWAY12_OS	93.968	315	16	1	13	327	1	312	1.57e-135	473
MITE_T_1934|chr05|1018206|1018543|TATA|52|F195	Mariner-N5_OS	87.850	321	19	9	17	317	1	321	4.58e-101	359
MITE_T_1947|chr01|18337625|18337961|aat|23|F196	Harbinger-N2_OS	89.873	316	10	4	18	333	34	327	2.09e-109	387
MITE_T_1947|chr01|18337625|18337961|aat|23|F196	Harbinger-N2_OS	82.334	317	26	14	21	333	291	1	1.03e-67	248
MITE_T_1955|chr09|7751301|7751634|ATAT|34|F197	Harbinger-N3D_OS	90.343	321	21	5	9	326	3	316	3.42e-117	412
MITE_T_1974|chr02|81368|81700|TTAA|40|F199	STOWAWAY12_OS	93.291	313	18	2	12	322	1	312	4.32e-131	459
MITE_T_1974|chr02|81368|81700|TTAA|40|F199	STOWAWAY12_OS	100.000	29	0	0	12	40	312	284	2.38e-09	54.7
MITE_T_1984|chr04|29959862|29960194|tcga|13|F200	DNA9-N3_OS	97.078	308	9	0	1	308	20	327	1.95e-149	520
MITE_T_2030|chr01|34655605|34655936|GG|10|F201	TYPEH	90.492	305	28	1	27	331	306	3	7.36e-114	401
MITE_T_2034|chr11|16925720|16926051|ta|17|F202	INDITTO	94.677	263	14	0	52	314	263	1	4.40e-116	409
MITE_T_2048|chr10|3842209|3842539|GCC|21|F205	Harbinger-N3B_OS	97.152	316	9	0	8	323	1	316	6.93e-154	534
MITE_T_2056|chr09|18662032|18662362|TAAGTAA|17|F206	Harbinger-N3B_OS	93.671	316	20	0	8	323	316	1	1.53e-135	473
MITE_T_2077|chr12|21464185|21464514|AAATATTT|52|F208	STOWAWAY11_OS	93.836	292	18	0	17	308	292	1	1.55e-125	440
MITE_T_2077|chr12|21464185|21464514|AAATATTT|52|F208	STOWAWAY11_OS	100.000	32	0	0	277	308	261	292	5.07e-11	60.2
MITE_T_2092|chr11|4035390|4035718|tta|13|F209	Harbinger-N3C_OS	95.699	279	12	0	47	325	16	294	2.57e-128	449
MITE_T_2109|chr12|16127932|16128260|TTAA|28|F211	STOWAWAY11_OS	93.515	293	16	3	32	322	292	1	2.58e-123	433
MITE_T_2109|chr12|16127932|16128260|TTAA|28|F211	STOWAWAY11_OS	100.000	32	0	0	32	63	1	32	5.05e-11	60.2
MITE_T_2112|chr01|13358949|13359277|TATA|36|F212	STOWAWAY12_OS	92.357	314	22	1	8	321	1	312	3.32e-127	446
MITE_T_2118|chr06|23412792|23413119|ta|27|F213	DNA2-1_OS	96.904	323	10	0	3	325	323	1	3.17e-157	545
MITE_T_2123|chr03|32006385|32006712|at|28|F214	STOWAWAY12_OS	92.675	314	21	1	8	321	312	1	7.11e-129	451
MITE_T_2126|chr02|4648106|4648433|ca|49|F215	STOWAWAY11_OS	94.881	293	13	2	20	311	1	292	1.53e-130	457
MITE_T_2133|chr04|18390574|18390901|ta|17|F217	STOLA	92.901	324	19	1	1	324	26	345	7.06e-134	468
MITE_T_2148|chr01|40701926|40702252|AT|37|F220	STOWAWAY12_OS	92.308	312	24	0	8	319	1	312	1.19e-126	444
MITE_T_2155|chr07|2659980|2660305|TA|35|F221	STOWAWAY12_OS	93.930	313	18	1	7	319	312	1	5.42e-135	472
MITE_T_2155|chr07|2659980|2660305|TA|35|F221	STOWAWAY12_OS	100.000	29	0	0	291	319	284	312	2.33e-09	54.7
MITE_T_2179|chr05|22929188|22929512|tat|46|F222	STOWAWAY11_OS	92.808	292	21	0	17	308	1	292	1.54e-120	424
MITE_T_2182|chr07|12792534|12792857|GC|46|F223	DNA9-37_OS	92.260	323	16	4	1	323	321	8	2.53e-128	449
MITE_T_2196|chr12|10431312|10431635|CT|57|F225	YOUREN	93.478	276	17	1	26	300	280	5	4.29e-116	409
MITE_T_2205|chr12|18313426|18313748|tcga|36|F226	DNA9-N3_OS	97.619	294	7	0	1	294	20	313	5.30e-145	505
MITE_T_2205|chr12|18313426|18313748|tcga|36|F226	DNA9-N3_OS	100.000	37	0	0	286	322	282	318	8.23e-14	69.4
MITE_T_2251|chr02|13366245|13366566|TA|20|F228	STOWAWAY11_OS	94.138	290	17	0	3	292	1	290	4.20e-126	442
MITE_T_2254|chr10|3852327|3852648|ta|31|F229	STOWAWAY12_OS	93.060	317	17	1	3	319	312	1	4.17e-131	459
MITE_T_2254|chr10|3852327|3852648|ta|31|F229	STOWAWAY12_OS	100.000	29	0	0	291	319	284	312	2.30e-09	54.7
MITE_T_2259|chr01|27723011|27723332|ta|17|F230	NDNA1TNA_OS	93.891	311	17	1	1	311	311	3	6.93e-134	468
MITE_T_2262|chr03|29703141|29703462|TAA|16|F231	STOWAWAY11_OS	94.178	292	17	0	25	316	1	292	3.25e-127	446
MITE_T_2262|chr03|29703141|29703462|TAA|16|F231	STOWAWAY11_OS	100.000	32	0	0	285	316	32	1	4.94e-11	60.2
MITE_T_2262|chr03|29703141|29703462|TAA|16|F231	STOWAWAY11_OS	100.000	31	0	0	25	55	292	262	1.78e-10	58.4
MITE_T_2278|chr09|6587675|6587996|TAA|16|F233	WUJI	96.508	315	10	1	4	318	314	1	1.89e-149	520
MITE_T_2286|chr07|5717564|5717884|TCA|30|F235	CASTAWAY-3	87.179	312	40	0	4	315	314	3	5.61e-100	355
MITE_T_2290|chr06|29893575|29893895|TAA|13|F236	Harbinger-N54_OS	93.312	314	11	2	4	317	304	1	5.37e-130	455
MITE_T_2304|chr01|10262176|10262496|ttcgctgt|11|F237	hAT-N79_OS	86.842	304	25	4	9	312	289	1	4.40e-91	326
MITE_T_2308|chr12|12085393|12085712|TAAg|16|F238	STOLAB	93.269	312	21	0	4	315	312	1	1.15e-131	460
MITE_T_2341|chr02|24689670|24689989|tta|47|F239	TYPEH	82.298	322	35	10	4	316	309	1	4.51e-71	259
MITE_T_2352|chr03|29675161|29675480|ta|29|F242	STOWAWAY12_OS	95.238	315	12	2	3	317	1	312	3.16e-142	496
MITE_T_2416|chr12|4108616|4108934|At|32|F243	STOWAWAY12_OS	93.590	312	20	0	4	315	1	312	2.47e-133	466
MITE_T_2422|chr11|19444820|19445137|ta|31|F244	STOWAWAY12_OS	94.249	313	17	1	3	315	312	1	1.14e-136	477
MITE_T_2422|chr11|19444820|19445137|ta|31|F244	STOWAWAY12_OS	100.000	29	0	0	287	315	284	312	2.27e-09	54.7
MITE_T_2432|chr10|22647309|22647626|TA|45|F245	STOWAWAY11_OS	93.493	292	19	0	13	304	292	1	6.93e-124	435
MITE_T_2432|chr10|22647309|22647626|TA|45|F245	STOWAWAY11_OS	100.000	31	0	0	13	43	1	31	1.75e-10	58.4
MITE_T_2437|chr11|24462401|24462718|CTAag|50|F246	TYPEH	88.387	310	34	2	5	313	1	309	5.51e-105	372
MITE_T_2443|chr08|27252058|27252375|at|10|F247	BUHUI	92.114	317	21	1	1	317	342	30	1.15e-126	444
MITE_T_2446|chr12|16124651|16124967|TTa|46|F248	TYPEH	90.645	310	28	1	4	313	1	309	1.16e-116	411
MITE_T_2460|chr12|18796138|18796454|TAa|46|F249	TYPEH	91.234	308	26	1	4	311	1	307	6.96e-119	418
MITE_T_2501|chr08|18186815|18187129|AT|36|F252	STOWAWAY11_OS	87.987	308	21	2	4	311	292	1	2.56e-98	350
MITE_T_2501|chr08|18186815|18187129|AT|36|F252	STOWAWAY11_OS	100.000	32	0	0	280	311	261	292	4.83e-11	60.2
MITE_T_2508|chr12|16994059|16994373|at|45|F253	STOWAWAY11_OS	96.233	292	11	0	12	303	1	292	3.13e-137	479
MITE_T_2508|chr12|16994059|16994373|at|45|F253	STOWAWAY11_OS	100.000	32	0	0	272	303	32	1	4.83e-11	60.2
MITE_T_2508|chr12|16994059|16994373|at|45|F253	STOWAWAY11_OS	100.000	32	0	0	12	43	292	261	4.83e-11	60.2
MITE_T_2535|chr08|21514224|21514538|attttttta|33|F255	STOWAWAY11_OS	94.178	292	17	0	12	303	292	1	3.17e-127	446
MITE_T_2557|chr07|21275102|21275416|TAA|13|F256	Harbinger-N3_OS	92.208	308	20	4	4	311	304	1	2.47e-123	433
MITE_T_2568|chr11|15684657|15684969|AT|43|F258	STOWAWAY11_OS	92.466	292	22	0	11	302	292	1	6.86e-119	418
MITE_T_2568|chr11|15684657|15684969|AT|43|F258	STOWAWAY11_OS	100.000	32	0	0	271	302	261	292	4.79e-11	60.2
MITE_T_2597|chr08|24595562|24595873|TTT|19|F261	Harbinger-N3C_OS	94.863	292	13	1	11	300	1	292	5.21e-130	455
MITE_T_2603|chr01|32199950|32200260|TAATTA|41|F262	STOWAWAY11_OS	93.836	292	18	0	10	301	292	1	1.45e-125	440
MITE_T_2608|chr04|26755708|26756018|TT|44|F263	STOWAWAY17_OS	96.651	209	6	1	96	303	209	1	3.26e-97	346
MITE_T_2608|chr04|26755708|26756018|TT|44|F263	STOWAWAY17_OS	95.775	71	3	0	8	78	259	189	1.00e-27	115
MITE_T_2608|chr04|26755708|26756018|TT|44|F263	STOWAWAY17_OS	97.222	36	1	0	268	303	224	259	1.32e-11	62.1
MITE_T_2617|chr02|11452105|11452414|ctatg|45|F264	TYPEH	89.032	310	24	5	5	305	1	309	4.15e-106	375
MITE_T_2627|chr08|21714910|21715219|GC|19|F265	hAT-N93_OS	93.471	291	17	2	11	299	1	291	8.73e-123	431
MITE_T_2631|chr10|19420452|19420760|atg|50|F266	NDNA1TNA_OS	86.601	306	38	3	1	305	13	316	7.01e-94	335
MITE_T_2635|chr09|4490055|4490363|TA|23|F267	STOWAWAY11_OS	95.760	283	12	0	3	285	1	283	1.43e-130	457
MITE_T_2635|chr09|4490055|4490363|TA|23|F267	STOWAWAY11_OS	100.000	32	0	0	3	34	292	261	4.73e-11	60.2
MITE_T_2640|chr02|31026093|31026400|tta|46|F268	TYPEH	88.387	310	26	6	4	304	309	1	8.92e-103	364
MITE_T_2653|chr01|24106457|24106762|At|37|F269	OLO24	92.096	291	19	4	17	304	34	323	1.45e-115	407
MITE_T_2658|chr09|6748597|6749348|TCACCATG|19|F270	hAT-N28_OS	98.378	740	7	1	9	743	1	740	0.0	1295
MITE_T_2663|chr07|7203296|7203600|CTAT|34|F271	STOWAWAY11_OS	95.548	292	13	0	7	298	292	1	6.54e-134	468
MITE_T_2663|chr07|7203296|7203600|CTAT|34|F271	STOWAWAY11_OS	100.000	32	0	0	7	38	1	32	4.66e-11	60.2
MITE_T_2674|chr07|6601681|6601985|ATAT|37|F272	STOWAWAY11_OS	92.857	294	19	2	6	299	292	1	3.99e-121	425
MITE_T_2674|chr07|6601681|6601985|ATAT|37|F272	STOWAWAY11_OS	100.000	32	0	0	6	37	1	32	4.66e-11	60.2
MITE_T_2679|chr04|16222639|16222942|AT|38|F273	STOWAWAY11_OS	94.178	292	17	0	7	298	292	1	3.05e-127	446
MITE_T_2679|chr04|16222639|16222942|AT|38|F273	STOWAWAY11_OS	100.000	32	0	0	267	298	261	292	4.65e-11	60.2
MITE_T_2692|chr03|20847226|20847529|TATA|41|F274	STOWAWAY20_OS	87.868	272	33	0	20	291	272	1	1.93e-89	320
MITE_T_2702|chr07|3833659|3833962|tcga|13|F275	DNA9-N3_OS	89.180	305	25	6	1	303	318	20	1.46e-105	374
MITE_T_2707|chr07|12788831|12789133|AA|35|F276	STOWAWAY11_OS	94.863	292	15	0	6	297	1	292	1.41e-130	457
MITE_T_2707|chr07|12788831|12789133|AA|35|F276	STOWAWAY11_OS	100.000	32	0	0	266	297	32	1	4.63e-11	60.2
MITE_T_2707|chr07|12788831|12789133|AA|35|F276	STOWAWAY11_OS	100.000	32	0	0	6	37	292	261	4.63e-11	60.2
MITE_T_2723|chr11|16213255|16213557|TA|38|F278	STOWAWAY11_OS	96.918	292	9	0	6	297	292	1	1.39e-140	490
MITE_T_2723|chr11|16213255|16213557|TA|38|F278	STOWAWAY11_OS	100.000	32	0	0	6	37	1	32	4.63e-11	60.2
MITE_T_2901|chr09|11596875|11597177|AT|29|F279	YOUREN	94.406	286	16	0	9	294	1	286	1.42e-125	440
MITE_T_2907|chr11|2913845|2914146|AT|34|F280	STOWAWAY20_OS	81.379	290	41	6	7	295	1	278	1.55e-60	224
MITE_T_2910|chr05|24005712|24006013|taA|16|F281	YOUREN	93.262	282	16	2	17	298	8	286	3.07e-117	412
MITE_T_2920|chr05|3177563|3177864|AAAAGAAAA|20|F283	OSTE28	92.193	269	17	1	28	292	269	1	1.12e-106	377
MITE_T_2920|chr05|3177563|3177864|AAAAGAAAA|20|F283	OSTE28	91.450	269	19	1	28	292	30	298	2.43e-103	366
MITE_T_2923|chr03|26252417|26252718|TTCA|43|F284	YOUREN	92.883	281	19	1	14	294	280	1	1.43e-115	407
MITE_T_2937|chr05|4729486|4729787|aaaatttt|11|F285	OLO24	90.850	306	20	6	2	301	327	24	1.85e-114	403
MITE_T_2941|chr02|33435580|33435880|AT|32|F286	SUSU	94.982	279	14	0	11	289	279	1	5.05e-125	438
MITE_T_2953|chr02|24404969|24405269|AT|15|F287	TOURIST-IX	89.286	84	8	1	104	186	74	157	2.09e-24	104
MITE_T_2963|chr11|6212214|6212514|TTA|18|F288	YOUREN	93.878	294	10	2	4	297	1	286	1.82e-124	436
MITE_T_3011|chr12|23542683|23542983|tta|13|F289	Harbinger-N3C_OS	93.878	294	18	0	4	297	294	1	1.09e-126	444
MITE_T_3025|chr01|34531168|34531468|tta|16|F290	Harbinger-N32_OS	91.497	294	20	2	4	297	1	289	2.38e-113	399
MITE_T_3035|chr03|31887307|31887606|tcga|13|F291	DNA9-N3_OS	96.656	299	10	0	1	299	20	318	8.19e-143	497
MITE_T_3044|chr01|42634109|42634408|tcga|36|F293	DNA9-N3_OS	97.993	299	6	0	1	299	20	318	1.75e-149	520
MITE_T_3068|chr07|5123097|5123396|ATt|31|F294	STOWAWAY12_OS	80.511	313	38	7	5	295	312	1	7.14e-59	219
MITE_T_3081|chr11|2162252|2162548|CG|23|F297	KIDDOC	90.975	277	23	2	9	285	275	1	5.13e-105	372
MITE_T_3084|chr03|35155281|35155576|ct|20|F298	ID-4	91.549	284	21	2	8	288	1	284	5.07e-110	388
MITE_T_3102|chr02|61841|62135|atat|23|F299	STOWAWAY48_OS	88.716	257	28	1	6	261	1	257	3.13e-87	313
MITE_T_3107|chr03|1284791|1285085|at|44|F300	STOWAWAY45_OS	88.660	291	7	2	3	292	1	266	6.68e-94	335
MITE_T_3154|chr05|7070859|7071609|ttatctata|123|F301	Mudr5-N1_OS	88.652	423	35	10	10	423	529	111	2.11e-147	514
MITE_T_3157|chr03|20688904|20689198|TA|44|F302	STOWAWAY14_OS	92.969	256	15	1	21	273	258	3	1.83e-104	370
MITE_T_3196|chr10|2576151|2576445|GTTC|16|F303	KIDDOD	95.714	280	11	1	8	287	1	279	2.29e-128	449
MITE_T_3200|chr03|35293124|35293417|tta|14|F304	YOUREN	94.077	287	16	1	4	290	286	1	6.38e-124	435
MITE_T_3204|chr05|14423628|14423921|at|29|F305	SUSU	93.190	279	19	0	8	286	1	279	1.07e-116	411
MITE_T_3223|chr11|16964480|16964773|AGCT|32|F307	INDITTO	92.776	263	19	0	16	278	263	1	8.42e-108	381
MITE_T_3248|chr02|31257742|31258035|TAA|40|F308	YOUREN	94.946	277	13	1	10	286	280	5	2.29e-123	433
MITE_T_3269|chr07|7806221|7806514|CTAg|20|F310	YOUREN	93.662	284	17	1	4	287	1	283	1.38e-120	424
MITE_T_3279|chr01|33229634|33229926|tgca|23|F312	TYPEU3	83.165	297	40	8	1	292	45	336	3.17e-72	263
MITE_T_3295|chr09|11755124|11755416|TTA|22|F314	YOUREN	95.423	284	13	0	6	289	284	1	1.75e-129	453
MITE_T_3320|chr01|39420006|39420298|aaat|12|F315	DNA9-N4_OS	97.297	259	6	1	34	292	270	13	4.91e-125	438
MITE_T_3320|chr01|39420006|39420298|aaat|12|F315	DNA9-N4_OS	100.000	30	0	0	1	30	30	1	5.78e-10	56.5
MITE_T_3325|chr05|18009867|18010159|aAAC|49|F316	STOWAWAY17_OS	93.050	259	18	0	17	275	1	259	3.02e-107	379
MITE_T_3328|chr06|22026884|22027175|tg|33|F317	STOWAWAY32_OS	82.332	283	28	7	5	287	1	261	4.15e-61	226
MITE_T_3333|chr08|24553073|24553364|ta|42|F318	STOWAWAY10_OS	85.366	287	14	9	3	289	259	1	5.25e-75	272
MITE_T_3341|chr01|39419535|39419826|TAGCTA|26|F320	DNA9-N4_OS	98.113	265	5	0	27	291	270	6	2.90e-132	462
MITE_T_3382|chr08|21655309|21655599|GA|25|F325	SUSU	93.907	279	17	0	7	285	279	1	4.91e-120	422
MITE_T_3388|chr05|19890635|19890924|AT|56|F326	STOWAWAY45_OS	93.182	264	16	2	14	275	1	264	1.38e-110	390
MITE_T_3399|chr03|24914774|24915063|TAA|22|F327	YOUREN	96.154	286	8	1	4	286	286	1	8.01e-133	464
MITE_T_3422|chr03|8098404|8098692|CTTAg|26|F329	SUSU	93.594	281	15	2	5	284	279	1	2.27e-118	416
MITE_T_3468|chr12|7652061|7652349|TA|55|F330	STOWAWAY10_OS	92.549	255	19	0	21	275	255	1	2.32e-103	366
MITE_T_3521|chr01|17658857|17659145|at|33|F331	STOWAWAY17_OS	95.547	247	11	0	39	285	247	1	2.95e-112	396
MITE_T_3526|chr07|22299655|22299942|TACACAA|34|F332	STOWAWAY17_OS	91.822	269	12	1	10	278	259	1	2.31e-103	366
MITE_T_3537|chr02|14453314|14453600|TAA|18|F333	KIDDOB	85.765	281	38	2	4	283	1	280	3.06e-82	296
MITE_T_3556|chr01|36028069|36028355|ta|36|F335	DITAILA	82.101	257	41	5	15	269	1	254	8.81e-58	215
MITE_T_3561|chr01|5734899|5735185|TATA|37|F336	STOWAWAY13_OS	90.244	82	6	2	202	282	81	1	5.53e-25	106
MITE_T_3561|chr01|5734899|5735185|TATA|37|F336	STOWAWAY13_OS	100.000	33	0	0	250	282	219	251	1.21e-11	62.1
MITE_T_3577|chr04|30949829|30950114|TTA|25|F337	SUSU	95.699	279	12	0	4	282	279	1	2.21e-128	449
MITE_T_3584|chr06|27154598|27154883|TCA|22|F338	SUSU	94.624	279	15	0	4	282	279	1	2.23e-123	433
MITE_T_3591|chr11|22091573|22091858|AT|47|F339	STOWAWAY8_OS	90.698	258	22	2	14	270	259	3	3.86e-96	342
MITE_T_3594|chr09|13819808|13820093|TAA|25|F340	SUSU	95.341	279	13	0	4	282	279	1	1.03e-126	444
MITE_T_3599|chr07|19283160|19283445|aact|25|F341	INDITTO	95.817	263	11	0	13	275	1	263	3.73e-121	425
MITE_T_3635|chr05|11654326|11654611|TTA|22|F342	SUSU	94.624	279	15	0	4	282	279	1	2.23e-123	433
MITE_T_3663|chr02|8725967|8726251|AATT|42|F344	STOWAWAY17_OS	97.468	237	6	0	9	245	1	237	4.84e-115	405
MITE_T_3663|chr02|8725967|8726251|AATT|42|F344	STOWAWAY17_OS	97.222	36	1	0	9	44	259	224	1.21e-11	62.1
MITE_T_3762|chr03|17614921|17615204|TA|61|F346	DNA9-25E_OS	94.332	247	12	2	19	265	245	1	2.92e-107	379
MITE_T_3783|chr01|2383149|2383432|gc|28|F348	INDITTO	93.156	263	18	0	12	274	1	263	1.74e-109	387
MITE_T_3786|chr10|19914950|19915233|at|10|F349	NDNA1TNA_OS	92.908	282	20	0	2	283	329	48	1.04e-116	411
MITE_T_3789|chr06|22945579|22945862|TA|10|F350	STOWAWAY14_OS	91.304	253	22	0	6	258	255	3	2.96e-97	346
MITE_T_3797|chr01|26681026|26681308|AG|24|F352	INDITTO	94.297	263	15	0	11	273	263	1	1.73e-114	403
MITE_T_3856|chr02|28736926|28737207|AA|47|F353	STOWAWAY17_OS	95.000	260	12	1	12	271	259	1	1.33e-115	407
MITE_T_3863|chr01|16371600|16371881|ATA|40|F354	STOWAWAY8_OS	94.208	259	12	3	14	269	259	1	3.72e-111	392
MITE_T_3863|chr01|16371600|16371881|ATA|40|F354	STOWAWAY8_OS	100.000	30	0	0	240	269	230	259	5.55e-10	56.5
MITE_T_3991|chr05|6941307|6941587|AT|26|F357	INDITTO	94.677	263	14	0	9	271	263	1	3.68e-116	409
MITE_T_4013|chr05|27557523|27557802|ATATAT|47|F358	STOWAWAY10_OS	93.436	259	17	0	11	269	259	1	6.18e-109	385
MITE_T_4052|chr01|929433|929712|AT|34|F359	DNA9-N4_OS	94.834	271	11	3	6	274	1	270	1.69e-119	420
MITE_T_4057|chr04|13913256|13913535|GGATCC|36|F360	TESS	87.854	247	24	6	18	261	244	1	6.45e-79	285
MITE_T_4089|chr11|21050049|21050327|AT|14|F364	STOWAWAY17_OS	93.822	259	16	0	17	275	1	259	1.32e-110	390
MITE_T_4100|chr03|8783931|8784209|TT|37|F367	STOWAWAY48_OS	87.692	260	26	6	12	268	1	257	8.25e-83	298
MITE_T_4105|chr04|32023117|32023395|TTA|13|F368	Harbinger-N25_OS	95.588	272	12	0	4	275	272	1	1.68e-124	436
MITE_T_4108|chr05|25533694|25533972|CGG|41|F369	hAT-N1C_OS	94.141	256	13	2	14	267	3	258	4.76e-110	388
MITE_T_4118|chr03|7875472|7875749|ta|77|F370	MuDR-N11_OS	91.727	278	22	1	1	277	95	372	6.13e-109	385
MITE_T_4121|chr02|35030602|35030879|TTG|36|F371	STOWAWAY13_OS	78.598	271	32	17	7	271	1	251	5.23e-40	156
MITE_T_4121|chr02|35030602|35030879|TTG|36|F371	STOWAWAY13_OS	100.000	33	0	0	7	39	251	219	1.17e-11	62.1
MITE_T_4151|chr01|9593745|9594022|TTA|15|F372	DITAIL	100.000	271	0	0	4	274	1	271	5.84e-144	501
MITE_T_4160|chr02|19697678|19697955|AT|99|F374	STOWAWAY51_OS	90.909	242	21	1	16	257	2	242	2.91e-92	329
MITE_T_4185|chr09|16673047|16673323|AT|36|F375	STOWAWAY8_OS	85.019	267	24	7	10	271	256	1	1.39e-70	257
MITE_T_4189|chr12|2893191|2893467|TA|14|F376	GAIJIN	93.333	135	9	0	3	137	147	13	2.38e-53	200
MITE_T_4192|chr08|22941679|22941955|GTAc|16|F377	STOWAWAY17_OS	93.436	259	17	0	4	262	259	1	6.11e-109	385
MITE_T_4192|chr08|22941679|22941955|GTAc|16|F377	STOWAWAY17_OS	100.000	34	0	0	229	262	226	259	3.25e-12	63.9
MITE_T_4195|chr07|28509548|28509824|TTTTA|35|F378	STOWAWAY28_OS	87.143	210	22	4	10	218	1	206	2.34e-63	233
MITE_T_4210|chr09|6591743|6592018|At|40|F379	STOWAWAY10_OS	91.822	269	12	2	4	272	259	1	2.22e-103	366
MITE_T_4223|chr02|22912445|22912720|TG|22|F380	STOWAWAY34_OS	85.714	266	27	9	6	270	1	256	1.79e-74	270
MITE_T_4234|chr03|31143792|31144067|TA|35|F381	STOWAWAY13_OS	77.372	274	36	18	3	273	251	1	5.27e-35	139
MITE_T_4290|chr07|2672935|2673209|aT|17|F384	STOWAWAY17_OS	96.016	251	10	0	4	254	259	9	3.62e-116	409
MITE_T_4300|chr11|18074112|18074386|GTAc|43|F385	STOWAWAY32_OS	85.502	269	30	6	4	271	261	1	4.96e-75	272
MITE_T_4329|chr01|9904279|9904553|AT|19|F388	DITAILA	91.085	258	20	2	16	273	255	1	2.88e-97	346
MITE_T_4334|chr01|32630746|32631020|TTT|36|F389	STOWAWAY13_OS	76.015	271	36	23	7	268	1	251	3.18e-27	113
MITE_T_4349|chr12|26136953|26137227|TA|44|F390	STOWAWAY17_OS	94.186	258	15	0	9	266	2	259	1.01e-111	394
MITE_T_4352|chr05|24648525|24648799|ta|49|F391	STOWAWAY45_OS	88.364	275	22	3	1	274	266	1	3.75e-91	326
MITE_T_4385|chr08|21228329|21228602|TA|38|F392	STOWAWAY17_OS	92.565	269	10	1	3	271	1	259	1.02e-106	377
MITE_T_4407|chr01|6731735|6732008|TAA|16|F393	DITTO	87.398	246	25	5	29	270	244	1	1.06e-76	278
MITE_T_4427|chr12|31184|31457|ATAT|43|F397	STOWAWAY17_OS	95.600	250	11	0	17	266	250	1	6.04e-114	401
MITE_T_4430|chr02|5556613|5556886|ATAA|37|F398	STOWAWAY17_OS	93.822	259	16	0	8	266	1	259	1.31e-110	390
MITE_T_4435|chr05|16489361|16489634|TG|45|F399	STOWAWAY45_OS	91.188	261	20	3	11	268	6	266	4.77e-100	355
MITE_T_4435|chr05|16489361|16489634|TG|45|F399	STOWAWAY45_OS	97.619	42	1	0	227	268	42	1	5.37e-15	73.1
MITE_T_4443|chr11|11034344|11034616|ta|25|F400	STOWAWAY10_OS	94.737	247	13	0	24	270	13	259	6.05e-109	385
MITE_T_4476|chr12|4252352|4252624|TG|16|F401	STOWAWAY17_OS	94.737	247	12	1	23	268	247	1	2.18e-108	383
MITE_T_4480|chr04|14690751|14691023|CT|41|F402	STOWAWAY17_OS	94.981	259	12	1	8	265	259	1	4.65e-115	405
MITE_T_4485|chr03|14201337|14201609|tta|29|F403	Harbinger-N35_OS	82.593	270	40	7	4	269	1	267	8.35e-63	231
MITE_T_4488|chr02|29107598|29107869|AT|60|F404	TOURIST-IX	87.500	152	16	2	20	169	315	165	5.11e-45	172
MITE_T_4488|chr02|29107598|29107869|AT|60|F404	TOURIST-IX	87.500	112	13	1	103	213	146	35	1.12e-31	128
MITE_T_4499|chr09|17927030|17927301|TTA|20|F405	INDITTO	92.453	265	18	1	4	268	263	1	1.01e-106	377
MITE_T_4505|chr03|11088765|11089036|GCC|51|F406	TOURIST-IX	88.636	88	9	1	85	171	165	78	5.26e-25	106
MITE_T_4515|chr03|5793442|5793713|TTA|41|F409	INDITTO	93.208	265	16	1	4	268	1	263	4.66e-110	388
MITE_T_4530|chr02|32636943|32637214|taa|17|F410	INDITTO	93.208	265	16	1	4	268	1	263	4.66e-110	388
MITE_T_4562|chr05|25126118|25126389|CTAAg|39|F411	INDITTO	93.916	263	16	0	5	267	1	263	7.75e-113	398
MITE_T_4584|chr03|21286059|21286330|ca|13|F413	OLO24C	88.561	271	29	1	3	271	309	39	1.03e-91	327
MITE_T_4587|chr05|24992192|24992463|CTTA|38|F414	STOWAWAY17_OS	94.208	259	15	0	7	265	1	259	2.79e-112	396
MITE_T_4593|chr04|26354272|26354542|TTA|17|F416	INDITTO	92.830	265	16	3	4	267	263	1	7.77e-108	381
MITE_T_4624|chr12|12400764|12401034|AGTT|22|F418	STOWAWAY9_OS	92.017	238	15	3	29	265	235	1	7.94e-93	331
MITE_T_4632|chr05|25770767|25771037|GC|43|F419	STOWAWAY17_OS	92.857	238	9	2	13	242	259	22	4.74e-95	339
MITE_T_4635|chr04|21346022|21346291|tta|17|F420	INDITTO	93.916	263	16	0	4	266	1	263	7.68e-113	398
MITE_T_4638|chr07|21456263|21456532|TAa|15|F421	DITAILA	87.640	267	21	8	3	269	3	257	2.23e-83	300
MITE_T_4645|chr09|13704548|13704817|TAA|17|F423	INDITTO	93.487	261	17	0	4	264	263	3	4.63e-110	388
MITE_T_4655|chr12|21961407|21961676|GTAc|41|F425	STOWAWAY17_OS	94.297	263	11	1	4	266	1	259	2.14e-113	399
MITE_T_4655|chr12|21961407|21961676|GTAc|41|F425	STOWAWAY17_OS	100.000	37	0	0	230	266	37	1	6.84e-14	69.4
MITE_T_4663|chr06|25653655|25653924|AA|40|F426	STOWAWAY17_OS	93.822	259	16	0	6	264	259	1	1.29e-110	390
MITE_T_4674|chr05|21794661|21794930|CA|25|F428	STOWAWAY17_OS	91.954	261	19	2	5	265	1	259	7.79e-103	364
MITE_T_4678|chr01|1999884|2000153|ag|26|F429	DNA9-34C_OS	87.952	249	30	0	12	260	194	442	8.02e-83	298
MITE_T_4681|chr02|15967428|15967697|CCA|38|F430	STOWAWAY17_OS	98.456	259	4	0	6	264	259	1	1.25e-130	457
MITE_T_4811|chr08|5215307|5215576|ATAT|36|F432	STOWAWAY17_OS	94.981	259	13	0	6	264	1	259	1.28e-115	407
MITE_T_4818|chr06|26601196|26601465|TAA|51|F433	INDITTO	91.255	263	23	0	4	266	1	263	3.63e-101	359
MITE_T_4821|chr03|17344327|17344596|TT|39|F434	STOWAWAY13_OS	84.375	256	34	3	8	262	251	1	2.95e-67	246
MITE_T_4826|chr12|8316734|8317003|TA|35|F435	STOWAWAY13_OS	76.753	271	37	18	3	267	1	251	1.11e-31	128
MITE_T_4826|chr12|8316734|8317003|TA|35|F435	STOWAWAY13_OS	100.000	33	0	0	3	35	251	219	1.15e-11	62.1
MITE_T_4835|chr06|26572764|26573033|AAT|55|F436	TOURIST-IX	79.769	173	18	7	91	262	157	1	4.03e-26	110
MITE_T_4843|chr01|38670121|38670390|TTA|14|F437	INDITTO	92.776	263	19	0	4	266	1	263	7.74e-108	381
MITE_T_4849|chr02|23503292|23503561|ta|18|F439	DITTO	91.498	247	18	1	6	252	1	244	1.70e-94	337
MITE_T_4852|chr10|12039641|12039909|TATA|28|F440	STOWAWAY17_OS	94.595	259	13	1	5	263	1	258	2.13e-113	399
MITE_T_4862|chr01|42784776|42785522|CG|10|F442	hAT-N24_OS	95.482	664	29	1	71	734	1	663	0.0	1059
MITE_T_4886|chr05|19145920|19146188|tta|21|F445	DITAILA	89.474	266	17	6	1	266	1	255	3.66e-91	326
MITE_T_4901|chr06|5257186|5257932|ATTAGATTA|291|F448	OSTE17	82.369	743	107	15	10	737	1	734	0.0	625
MITE_T_4924|chr11|10703374|10703641|atat|42|F452	STOWAWAY43_OS	88.889	207	17	4	54	257	204	1	2.26e-68	250
MITE_T_4940|chr01|5422036|5422303|AT|33|F453	STOWAWAY8_OS	87.170	265	24	5	4	264	1	259	3.70e-81	292
MITE_T_4945|chr01|8107654|8108400|ttaa|51|F454	DNA9-7B_OS	93.838	714	36	3	20	728	711	1	0.0	1070
MITE_T_4951|chr05|6415173|6415440|At|44|F455	STOWAWAY45_OS	90.698	43	4	0	2	44	266	224	4.09e-11	60.2
MITE_T_4957|chr09|2565605|2565872|CCGCGG|18|F457	TESS	92.827	237	15	1	26	260	8	244	3.62e-96	342
MITE_T_4976|chr01|38703153|38703419|AGA|19|F458	STOWAWAY9_OS	92.308	234	16	2	29	261	233	1	7.81e-93	331
MITE_T_4979|chr02|3419877|3420143|TG|36|F459	STOWAWAY17_OS	93.462	260	14	2	5	262	259	1	2.13e-108	383
MITE_T_4985|chr01|28161105|28161371|TT|24|F460	DNA9-34C_OS	89.960	249	25	0	9	257	442	194	3.63e-91	326
MITE_T_4998|chr06|12918068|12918334|att|48|F461	TOURIST-XI	85.096	208	22	4	54	259	19	219	1.78e-54	204
MITE_T_5002|chr01|30917285|30917551|AT|22|F462	FOCUS	92.636	258	17	2	6	262	257	1	1.66e-104	370
MITE_T_5024|chr06|3917146|3917412|AATT|55|F464	TOURIST-IX	87.742	155	16	3	98	250	162	315	1.08e-46	178
MITE_T_5032|chr08|18428365|18428631|ta|39|F465	STOWAWAY10_OS	91.221	262	20	1	3	264	1	259	1.67e-99	353
MITE_T_5045|chr05|15596134|15596400|AT|39|F466	STOWAWAY17_OS	94.981	259	12	1	5	263	2	259	4.54e-115	405
MITE_T_5049|chr06|19873485|19873751|At|16|F467	TREP215	94.894	235	12	0	4	238	1	235	5.95e-104	368
MITE_T_5049|chr06|19873485|19873751|At|16|F467	TREP215	79.167	240	40	10	4	238	235	1	1.40e-40	158
MITE_T_5059|chr03|4503669|4503935|CTG|82|F468	STOWAWAY9_OS	85.774	239	28	5	17	253	235	1	8.09e-68	248
MITE_T_5065|chr06|1972874|1973140|TA|98|F470	STOWAWAY9_OS	83.333	198	29	4	51	247	200	6	2.99e-47	180
MITE_T_5070|chr06|20372818|20373084|AT|28|F471	STOWAWAY17_OS	93.077	260	17	1	4	263	259	1	2.75e-107	379
MITE_T_5074|chr01|26046611|26046876|AT|39|F472	STOWAWAY17_OS	94.208	259	15	0	4	262	1	259	2.72e-112	396
MITE_T_5074|chr01|26046611|26046876|AT|39|F472	STOWAWAY17_OS	97.222	36	1	0	227	262	36	1	1.13e-11	62.1
MITE_T_5077|chr04|22035470|22035735|tta|15|F473	DITAILA	89.734	263	19	4	1	263	1	255	2.80e-92	329
MITE_T_5118|chr03|23760466|23760731|TA|13|F474	STOWAWAY17_OS	94.779	249	12	1	11	259	248	1	1.64e-109	387
MITE_T_5121|chr09|18927196|18927461|ca|86|F475	STOWAWAY51_OS	87.705	244	28	2	10	253	1	242	4.75e-80	289
MITE_T_5129|chr06|6578550|6578815|AT|39|F476	STOWAWAY17_OS	95.753	259	11	0	4	262	259	1	5.81e-119	418
MITE_T_5156|chr11|27645121|27645386|AT|39|F479	STOWAWAY17_OS	97.297	259	7	0	4	262	259	1	1.24e-125	440
MITE_T_5219|chr07|21069344|21069609|at|33|F480	STOWAWAY14_OS	93.750	256	16	0	4	259	258	3	5.89e-109	385
MITE_T_5247|chr08|27514180|27514445|AT|91|F482	STOWAWAY51_OS	91.701	241	19	1	14	253	242	2	4.65e-95	339
MITE_T_5285|chr08|3488306|3488570|TTAA|48|F484	STOWAWAY43_OS	85.957	235	24	9	17	248	1	229	3.73e-66	243
MITE_T_5288|chr01|18517955|18518219|TA|42|F485	STOWAWAY32_OS	88.506	261	29	1	3	262	1	261	7.80e-88	315
MITE_T_5301|chr05|25644126|25644390|ta|23|F486	STOWAWAY43_OS	86.580	231	26	4	35	262	1	229	2.23e-68	250
MITE_T_5354|chr11|14048058|14048321|ATTTCGGTC|38|F494	MuDR-N326_OS	97.119	243	7	0	10	252	245	3	9.64e-117	411
MITE_T_5357|chr05|6687022|6687285|ta|27|F495	STOWAWAY48_OS	86.486	259	33	1	3	261	1	257	2.19e-78	283
MITE_T_5360|chr11|27845041|27845304|agatgtaagt|14|F496	hAT-N1B_OS	95.510	245	11	0	10	254	1	245	3.49e-111	392
MITE_T_5373|chr06|23718769|23719032|TA|33|F497	STOWAWAY17_OS	94.208	259	15	0	3	261	259	1	2.70e-112	396
MITE_T_5379|chr12|7294573|7294836|ta|39|F498	STOWAWAY10_OS	96.139	259	10	0	3	261	259	1	1.24e-120	424
MITE_T_5410|chr06|6501438|6501701|TA|35|F499	STOWAWAY8_OS	86.641	262	29	6	3	261	1	259	6.09e-79	285
MITE_T_5410|chr06|6501438|6501701|TA|35|F499	STOWAWAY8_OS	97.143	35	0	1	227	261	34	1	1.45e-10	58.4
MITE_T_5421|chr11|3354329|3354592|CTTTg|43|F500	TOURIST-XI	85.149	202	25	1	57	258	23	219	6.31e-54	202
MITE_T_5424|chr11|4890500|4890763|tg|12|F501	STOWAWAY8_OS	100.000	30	0	0	15	44	259	230	5.20e-10	56.5
MITE_T_5432|chr02|2082073|2082336|ta|38|F503	STOWAWAY10_OS	93.436	259	17	0	3	261	259	1	5.84e-109	385
MITE_T_5442|chr05|3433906|3434168|atat|57|F505	Mariner-N17_OS	83.886	211	26	7	4	209	239	32	1.05e-51	195
MITE_T_5451|chr11|2287801|2288063|GAA|50|F506	TOURIST-XI	84.653	202	26	1	57	258	23	219	2.93e-52	196
MITE_T_5471|chr09|12329177|12329439|TA|41|F507	STOWAWAY17_OS	94.208	259	14	1	3	260	1	259	9.66e-112	394
MITE_T_5474|chr11|13761587|13761849|ta|28|F508	STOWAWAY51_OS	80.769	260	31	4	3	262	242	2	4.90e-50	189
MITE_T_5484|chr04|1783946|1784207|AT|31|F510	STOWAWAY9_OS	92.511	227	14	3	8	233	231	7	4.61e-90	322
MITE_T_5515|chr02|5403222|5403483|TTT|49|F511	TOURIST-XI	85.644	202	24	1	56	257	23	219	1.35e-55	207
MITE_T_5533|chr01|37599386|37599647|AAA|54|F512	TOURIST-IX	82.787	122	17	4	88	206	157	37	5.05e-25	106
MITE_T_5540|chr07|24631000|24631261|AT|90|F513	STOWAWAY51_OS	90.000	240	23	1	14	252	241	2	7.71e-88	315
MITE_T_5566|chr09|18822454|18822714|at|21|F518	TYPEH	84.758	269	26	10	1	260	24	286	4.72e-70	255
MITE_T_5569|chr05|19976796|19977056|TTA|10|F519	Harbinger-N9_OS	87.302	252	23	7	4	251	1	247	2.80e-77	279
MITE_T_5577|chr07|25844305|25844565|TA|21|F520	TREP215	88.085	235	27	1	25	258	235	1	1.01e-76	278
MITE_T_5612|chr01|36668185|36668445|TA|34|F522	STOWAWAY8_OS	84.411	263	30	5	3	258	1	259	7.90e-68	248
MITE_T_5618|chr04|10021628|10021888|at|14|F524	DITTO	90.574	244	23	0	9	252	244	1	1.28e-90	324
MITE_T_5626|chr04|1272001|1272261|ta|17|F526	DNA9-34C_OS	93.496	246	16	0	2	247	440	195	1.62e-104	370
MITE_T_5648|chr07|16258992|16259251|TA|77|F529	STOWAWAY9_OS	88.430	242	20	7	10	250	1	235	5.99e-79	285
MITE_T_5658|chr09|18795758|18796017|ATATATAT|24|F532	Harbinger-N1_OS	89.140	221	24	0	14	234	6	226	3.61e-76	276
MITE_T_5666|chr11|5541728|5541987|AT|27|F533	STOWAWAY21_OS	88.732	71	8	0	8	78	1	71	1.81e-19	87.9
MITE_T_5675|chr02|10566093|10566352|ta|39|F535	TREP215	92.611	203	14	1	43	245	22	223	1.29e-80	291
MITE_T_5691|chr01|29378072|29378330|TTACTAC|81|F538	STOWAWAY51_OS	88.797	241	26	1	11	250	242	2	2.13e-83	300
MITE_T_5702|chr01|27110127|27110385|GC|21|F539	Harbinger-N10_OS	87.192	203	21	4	6	204	243	42	3.67e-61	226
MITE_T_5722|chr08|2210827|2211085|TA|48|F540	STOWAWAY43_OS	85.714	231	28	3	15	242	1	229	4.71e-65	239
MITE_T_5740|chr03|8058475|8058733|GA|33|F543	STOWAWAY43_OS	87.288	236	20	8	14	246	229	1	1.01e-71	261
MITE_T_5747|chr07|7938559|7938817|TCATA|16|F544	TREP215	86.036	222	28	3	32	251	15	235	6.10e-64	235
MITE_T_5750|chr03|27688742|27688999|TT|11|F545	Mariner-N17_OS	95.259	232	11	0	5	236	1	232	5.74e-104	368
MITE_T_5755|chr06|4401141|4401398|ACGT|42|F546	STOWAWAY9_OS	95.238	210	9	1	6	214	1	210	7.53e-93	331
MITE_T_5765|chr01|22757729|22757986|ATAT|22|F547	WANDERER	86.331	139	17	2	43	179	199	61	2.26e-38	150
MITE_T_5774|chr01|9237253|9237510|TA|38|F548	Mariner-N4_OS	92.742	248	11	3	6	253	1	241	5.78e-99	351
MITE_T_5798|chr03|23982431|23982688|gc|21|F550	DNA9-N4_OS	97.665	257	5	1	1	257	8	263	1.20e-125	440
MITE_T_5862|chr11|15468580|15469377|TATATATATA|136|F555	MUDRN1_OS	92.535	777	38	9	15	784	764	1	0.0	1096
MITE_T_5899|chr08|20971319|20971574|AGCT|79|F556	STOWAWAY9_OS	90.833	240	16	5	10	248	235	1	2.09e-88	316
MITE_T_5903|chr01|36745887|36746142|TAG|84|F557	STOWAWAY15-2_OS	100.000	31	0	0	10	40	1	31	1.40e-10	58.4
MITE_T_5960|chr08|19806349|19806604|TTGGA|82|F559	STOWAWAY51_OS	81.675	191	32	2	19	206	234	44	1.34e-40	158
MITE_T_5965|chr07|15314945|15315200|AT|29|F560	TREP215	90.991	222	19	1	7	227	1	222	7.57e-83	298
MITE_T_5969|chr11|17628595|17628850|AT|21|F561	WANDERER	84.530	181	22	6	50	227	34	211	1.33e-45	174
MITE_T_5991|chr03|34935279|34935534|AT|38|F562	STOWAWAY42_OS	88.618	246	19	7	8	249	241	1	1.27e-80	291
MITE_T_5999|chr01|35429687|35429942|TA|28|F564	STOWAWAY15-2_OS	100.000	30	0	0	6	35	1	30	5.03e-10	56.5
MITE_T_6011|chr01|6060232|6060486|at|34|F566	STOWAWAY8_OS	100.000	30	0	0	4	33	259	230	5.01e-10	56.5
MITE_T_6014|chr09|22468698|22468952|taa|27|F567	DNA9-34C_OS	90.837	251	17	3	3	252	195	440	5.75e-94	335
MITE_T_6022|chr07|738255|738509|TAA|25|F568	TNR1	90.749	227	14	5	6	228	237	14	2.71e-82	296
MITE_T_6042|chr03|6706387|6706641|TA|83|F570	STOWAWAY9_OS	93.277	238	13	3	9	246	235	1	7.38e-98	348
MITE_T_6047|chr01|8688010|8688264|TA|13|F571	STOWAWAY51_OS	96.970	33	1	0	56	88	44	76	5.01e-10	56.5
MITE_T_6055|chr03|8931077|8931331|GT|36|F572	STOWAWAY35_OS	84.322	236	32	4	6	239	1	233	3.61e-61	226
MITE_T_6061|chr12|1580232|1580486|TA|20|F573	Mariner-N17_OS	92.766	235	14	2	20	254	8	239	1.60e-94	337
MITE_T_6061|chr12|1580232|1580486|TA|20|F573	Mariner-N17_OS	75.934	241	43	13	20	254	232	1	3.79e-26	110
MITE_T_6066|chr11|24799596|24799850|TA|35|F574	STOWAWAY13_OS	75.581	258	48	14	3	252	1	251	2.93e-27	113
MITE_T_6066|chr11|24799596|24799850|TA|35|F574	STOWAWAY13_OS	100.000	33	0	0	3	35	251	219	1.08e-11	62.1
MITE_T_6086|chr02|34474996|34475249|TA|87|F578	TREP215	87.764	237	23	6	11	243	235	1	4.55e-75	272
MITE_T_6086|chr02|34474996|34475249|TA|87|F578	TREP215	77.083	240	43	12	11	243	1	235	1.04e-31	128
MITE_T_6093|chr12|23468025|23468278|TA|81|F579	STOWAWAY9_OS	85.062	241	29	6	8	247	1	235	4.62e-65	239
MITE_T_6097|chr05|22564664|22564917|AT|28|F580	STOWAWAY9_OS	89.778	225	17	5	29	250	14	235	2.10e-78	283
MITE_T_6100|chr10|10575766|10576569|CCT|14|F581	CACTA-G1	98.745	797	9	1	4	800	796	1	0.0	1415
MITE_T_6105|chr06|6864495|6864748|at|20|F582	DNA9-34C_OS	91.566	249	21	0	3	251	442	194	7.35e-98	348
MITE_T_6112|chr04|33136822|33137075|GGA|17|F583	Harbinger-N10_OS	86.667	150	18	2	49	196	42	191	7.95e-43	165
MITE_T_6166|chr09|10211027|10211279|cttGG|39|F587	Harbinger-N10_OS	98.776	245	0	2	5	248	243	1	1.96e-123	433
MITE_T_6166|chr09|10211027|10211279|cttGG|39|F587	Harbinger-N10_OS	100.000	39	0	0	210	248	205	243	4.93e-15	73.1
MITE_T_6191|chr07|2704937|2705189|ggagtactcc|83|F590	STOWAWAY9_OS	94.144	222	13	0	7	228	235	14	4.41e-95	339
MITE_T_6207|chr11|16631323|16631575|ta|79|F591	STOWAWAY9_OS	91.121	214	13	3	21	233	14	222	5.82e-79	285
MITE_T_6217|chr01|26032956|26033208|AGt|14|F593	TREP215	96.396	222	8	0	5	226	1	222	2.02e-103	366
MITE_T_6217|chr01|26032956|26033208|AGt|14|F593	TREP215	80.263	228	33	12	5	226	235	14	1.02e-41	161
MITE_T_6230|chr12|27057771|27058023|GGTTGAAACc|17|F596	TESS	88.115	244	19	3	10	243	1	244	7.53e-78	281
MITE_T_6240|chr02|19558257|19558508|AGTAct|77|F598	STOWAWAY9_OS	88.571	245	16	9	5	247	235	1	1.61e-79	287
MITE_T_6246|chr03|23738565|23738816|aa|14|F599	Harbinger-N54_OS	94.821	251	13	0	1	251	42	292	3.32e-111	392
MITE_T_6283|chr02|1117634|1117885|TA|81|F601	STOWAWAY9_OS	94.595	222	12	0	10	231	1	222	9.43e-97	344
MITE_T_6286|chr06|23497235|23497486|AC|33|F602	STOWAWAY49_OS	80.408	245	44	4	4	248	241	1	2.18e-48	183
MITE_T_6292|chr01|41188776|41189027|CT|78|F603	Mariner-N17_OS	88.703	239	27	0	7	245	239	1	3.46e-81	292
MITE_T_6292|chr01|41188776|41189027|CT|78|F603	Mariner-N17_OS	77.959	245	42	10	7	245	1	239	3.69e-36	143
MITE_T_6297|chr01|10243990|10244241|CTAGCTTC|14|F604	hAT-N5B_OS	95.745	235	10	0	9	243	1	235	2.58e-107	379
MITE_T_6311|chr11|21410698|21410949|TA|86|F606	TREP215	91.064	235	17	2	11	241	235	1	7.39e-88	315
MITE_T_6318|chr06|11223050|11223301|AT|37|F608	WANDERER	82.703	185	28	4	44	226	30	212	1.02e-41	161
MITE_T_6322|chr11|25810515|25810766|TAA|45|F609	TOURIST-IX	89.024	164	17	1	86	248	163	326	6.01e-54	202
MITE_T_6322|chr11|25810515|25810766|TAA|45|F609	TOURIST-IX	83.436	163	19	5	4	164	1	157	1.03e-36	145
MITE_T_6325|chr04|14633571|14633822|CG|80|F610	STOWAWAY9_OS	91.964	224	14	4	5	226	1	222	9.56e-87	311
MITE_T_6338|chr01|28907554|28907804|tga|16|F612	DITTO	93.033	244	17	0	4	247	244	1	1.21e-100	357
MITE_T_6344|chr10|14598395|14598645|CACCACCACG|24|F613	TESS	93.970	199	10	2	13	210	243	46	2.06e-83	300
MITE_T_6349|chr08|20012852|20013102|tta|19|F614	DITTO	90.984	244	22	0	4	247	244	1	2.63e-92	329
MITE_T_6354|chr05|18333408|18333658|Tta|19|F615	DNA9-34C_OS	91.566	249	21	0	2	250	194	442	7.26e-98	348
MITE_T_6365|chr12|3522427|3522677|tta|16|F616	DNA9-34C_OS	85.141	249	37	0	2	250	194	442	3.50e-71	259
MITE_T_6374|chr11|11921989|11922239|taa|16|F618	DITTO	92.213	244	19	0	4	247	244	1	2.61e-97	346
MITE_T_6395|chr11|15598037|15598287|AG|89|F619	STOWAWAY44_OS	86.747	83	8	3	167	248	81	1	4.86e-20	89.8
MITE_T_6410|chr04|4523581|4523831|AT|16|F621	Harbinger-N9B_OS	99.585	241	1	0	5	245	241	1	1.16e-125	440
MITE_T_6422|chr01|25244983|25245233|GTAc|29|F623	STOWAWAY9_OS	92.793	222	15	1	4	224	1	222	1.58e-89	320
MITE_T_6448|chr01|25817578|25817828|tta|18|F625	DNA9-34C_OS	91.165	249	22	0	2	250	194	442	3.38e-96	342
MITE_T_6451|chr07|25645145|25645395|tta|16|F626	DITTO	91.393	244	21	0	4	247	1	244	5.65e-94	335
MITE_T_6454|chr06|26851640|26851890|agt|85|F627	STOWAWAY21_OS	81.739	230	36	4	18	246	225	1	1.67e-49	187
MITE_T_6471|chr08|18212607|18212857|TA|80|F630	STOWAWAY44_OS	91.286	241	19	2	7	246	1	240	2.63e-92	329
MITE_T_6508|chr09|15485820|15486069|ta|58|F632	STOWAWAY9_OS	90.104	192	16	3	57	247	190	1	2.71e-67	246
MITE_T_6526|chr01|17852654|17852903|AAACAT|74|F636	STOWAWAY9_OS	94.894	235	12	0	8	242	1	235	5.55e-104	368
MITE_T_6622|chr06|9139621|9139870|ATAt|86|F637	TREP215	88.750	240	21	3	6	244	235	1	4.44e-80	289
MITE_T_6625|chr07|19517873|19518122|ta|88|F638	TREP215	89.388	245	16	2	3	247	235	1	2.05e-83	300
MITE_T_6625|chr07|19517873|19518122|ta|88|F638	TREP215	75.697	251	39	13	3	247	1	235	4.80e-25	106
MITE_T_6686|chr12|763602|763851|AT|33|F642	Harbinger-N10_OS	85.802	162	20	3	38	198	35	194	6.04e-44	169
MITE_T_6694|chr06|7525011|7525259|TA|17|F644	Harbinger-N9B_OS	84.354	147	23	0	64	210	61	207	1.01e-36	145
MITE_T_6700|chr06|2734333|2734581|GAA|80|F646	STOWAWAY9_OS	86.111	180	22	3	6	184	1	178	1.28e-50	191
MITE_T_6711|chr01|2116561|2116809|AT|83|F648	TREP215	91.949	236	18	1	7	242	235	1	2.61e-92	329
MITE_T_6725|chr12|15455335|15455583|ta|13|F651	STOWAWAY9_OS	91.556	225	14	5	24	246	14	235	4.39e-85	305
MITE_T_6733|chr04|19759592|19759840|ATAt|78|F652	TREP215	86.607	224	27	2	6	229	235	15	9.71e-67	244
MITE_T_6740|chr09|15708003|15708251|At|12|F654	STOWAWAY9_OS	93.243	222	15	0	24	245	14	235	9.37e-92	327
MITE_T_6751|chr01|39108792|39109040|Gtac|49|F657	TREP215	86.522	230	22	4	17	245	222	1	9.71e-67	244
MITE_T_6757|chr09|8035214|8035461|TATA|72|F659	STOWAWAY9_OS	91.250	240	15	5	5	243	235	1	4.34e-90	322
MITE_T_6807|chr12|19583645|19583892|agtact|78|F661	STOWAWAY9_OS	87.923	207	21	4	5	211	1	203	1.25e-65	241
MITE_T_6827|chr07|340876|341123|ta|35|F662	Mariner-N4_OS	83.197	244	37	2	3	245	1	241	1.63e-59	220
MITE_T_6832|chr12|26229681|26229928|ATAt|93|F663	TREP215	86.878	221	28	1	22	241	15	235	2.69e-67	246
MITE_T_6835|chr02|18724133|18724380|ta|23|F664	OLO24C	84.337	249	19	5	2	246	292	60	3.50e-61	226
MITE_T_6844|chr02|34711531|34711778|TA|80|F666	STOWAWAY9_OS	93.333	225	11	3	3	226	235	14	2.60e-92	329
MITE_T_6862|chr01|35223722|35223969|ta|28|F668	STOWAWAY9_OS	90.583	223	19	2	24	245	14	235	9.47e-82	294
MITE_T_6867|chr03|2446403|2446650|ATT|47|F669	Mariner-N3_OS	96.070	229	9	0	10	238	229	1	1.18e-105	374
MITE_T_6899|chr10|15033292|15033539|ac|79|F671	STOWAWAY9_OS	90.377	239	17	4	6	242	1	235	3.38e-86	309
MITE_T_6913|chr02|32027593|32027840|agt|77|F674	STOWAWAY51_OS	92.562	242	16	2	3	243	2	242	5.54e-99	351
MITE_T_6970|chr06|29222770|29223017|act|76|F675	STOWAWAY9_OS	90.000	240	18	5	5	243	1	235	4.37e-85	305
MITE_T_6974|chr01|1649896|1650143|ta|88|F676	STOWAWAY51_OS	92.975	242	15	2	3	242	1	242	1.19e-100	357
MITE_T_6989|chr01|40800698|40800945|TAta|79|F677	STOWAWAY51_OS	91.736	242	18	2	3	243	2	242	1.20e-95	340
MITE_T_6994|chr03|22685434|22685681|CT|77|F678	STOWAWAY9_OS	91.489	235	17	2	8	239	1	235	1.56e-89	320
MITE_T_7007|chr10|17880251|17880498|AC|77|F679	STOWAWAY9_OS	93.249	237	14	1	6	242	1	235	7.16e-98	348
MITE_T_7022|chr02|27640519|27640766|at|25|F680	STOWAWAY51_OS	87.654	243	28	2	2	244	2	242	1.58e-79	287
MITE_T_7025|chr01|12138367|12138613|gtac|77|F681	STOWAWAY9_OS	89.256	242	17	8	4	243	1	235	9.43e-82	294
MITE_T_7036|chr05|4218895|4219141|ta|76|F684	STOWAWAY21_OS	91.703	229	15	3	3	231	1	225	7.23e-88	315
MITE_T_7053|chr03|11265311|11265557|ta|74|F687	STOWAWAY9_OS	89.754	244	14	5	3	244	1	235	5.63e-84	302
MITE_T_7080|chr11|20781109|20781355|CTAA|78|F690	TREP215	89.806	206	20	1	22	226	16	221	2.66e-72	263
MITE_T_7085|chr10|283248|283494|ATAt|83|F691	TREP215	91.949	236	18	1	6	241	1	235	2.58e-92	329
MITE_T_7088|chr02|694103|694349|TG|75|F692	STOWAWAY9_OS	93.697	238	12	2	5	242	235	1	1.53e-99	353
MITE_T_7108|chr06|1855807|1856053|ATAt|83|F693	TREP215	84.322	236	30	6	9	241	232	1	1.25e-60	224
MITE_T_7112|chr11|24506344|24506589|ATAt|81|F694	TREP215	92.766	235	17	0	6	240	1	235	1.19e-95	340
MITE_T_7112|chr11|24506344|24506589|ATAt|81|F694	TREP215	77.193	228	38	13	20	240	221	1	1.69e-29	121
MITE_T_7124|chr10|13051419|13051664|TTA|12|F696	Harbinger-N10_OS	88.265	196	16	4	4	194	1	194	9.65e-62	228
MITE_T_7154|chr08|10207730|10207975|TATA|43|F697	TREP215	89.767	215	16	4	17	229	13	223	1.58e-74	270
MITE_T_7168|chr08|20687840|20688085|ta|25|F699	STOWAWAY51_OS	85.246	244	32	4	1	243	2	242	1.59e-69	254
MITE_T_7227|chr04|32772557|32772802|ta|80|F701	STOWAWAY9_OS	91.556	225	14	5	3	225	235	14	4.34e-85	305
MITE_T_7231|chr06|8352054|8352299|at|87|F702	STOWAWAY44_OS	80.583	206	35	4	2	205	240	38	4.62e-40	156
MITE_T_7242|chr04|21962715|21962959|aGTT|38|F704	Mariner-N3_OS	90.265	226	21	1	10	234	229	4	9.34e-82	294
MITE_T_7265|chr04|17704827|17705071|At|36|F705	Mariner-N4_OS	87.967	241	26	2	4	241	1	241	7.27e-78	281
MITE_T_7281|chr08|18489864|18490108|GT|80|F708	STOWAWAY2_OS	83.333	228	26	9	21	236	20	247	5.83e-54	202
MITE_T_7281|chr08|18489864|18490108|GT|80|F708	STOWAWAY2_OS	87.059	85	7	3	6	87	250	167	3.66e-21	93.5
MITE_T_7284|chr01|34200414|34200658|ta|13|F709	STOWAWAY9_OS	92.342	222	16	1	3	223	1	222	7.17e-88	315
MITE_T_7289|chr06|14605212|14605456|ta|78|F710	STOWAWAY9_OS	94.170	223	12	1	3	225	1	222	4.26e-95	339
MITE_T_7298|chr07|2604020|2604264|TCa|28|F711	TYPEM	85.772	246	8	6	4	241	1	227	5.74e-64	235
MITE_T_7315|chr04|28906088|28906332|ta|76|F714	STOWAWAY51_OS	88.889	243	24	3	1	242	2	242	5.58e-84	302
MITE_T_7320|chr03|6632267|6632511|TAta|76|F715	STOWAWAY51_OS	89.212	241	23	3	3	240	2	242	1.55e-84	303
MITE_T_7333|chr05|28899151|28899394|AT|83|F717	STOWAWAY15-2_OS	100.000	31	0	0	204	234	31	1	1.33e-10	58.4
MITE_T_7345|chr12|17928190|17928433|ATT|14|F718	STOWAWAY43_OS	87.444	223	21	5	5	223	229	10	2.04e-68	250
MITE_T_7358|chr09|9352421|9352664|ta|74|F720	TREP215	85.774	239	30	4	3	241	1	235	2.04e-68	250
MITE_T_7372|chr03|33066514|33066757|TTA|18|F721	STOWAWAY51_OS	89.212	241	20	2	4	238	2	242	5.56e-84	302
MITE_T_7381|chr04|18318206|18318449|ta|78|F723	Mariner-N17_OS	88.285	239	25	1	4	239	1	239	2.01e-78	283
MITE_T_7386|chr07|5177696|5177939|TA|86|F724	STOWAWAY44_OS	86.250	240	30	3	4	240	1	240	3.39e-71	259
MITE_T_7436|chr01|42916898|42917141|ta|13|F726	STOWAWAY9_OS	90.991	222	19	1	3	223	1	222	7.19e-83	298
MITE_T_7444|chr06|9090104|9090346|ta|72|F728	STOWAWAY21_OS	89.754	244	18	3	3	240	1	243	4.28e-85	305
MITE_T_7447|chr11|7856464|7856706|ta|78|F729	STOWAWAY44_OS	83.333	246	31	5	1	242	240	1	1.59e-59	220
MITE_T_7451|chr02|23722048|23722290|AGt|34|F730	STOWAWAY43_OS	84.388	237	26	6	5	238	1	229	4.43e-60	222
MITE_T_7461|chr11|22669049|22669291|ta|82|F731	STOWAWAY51_OS	90.871	241	21	1	3	242	242	2	9.13e-92	327
MITE_T_7469|chr03|13015101|13015343|At|69|F732	TREP215	86.975	238	26	2	4	239	235	1	2.61e-72	263
MITE_T_7474|chr06|25122179|25122421|ta|80|F733	STOWAWAY51_OS	89.627	241	24	1	3	242	242	2	9.20e-87	311
MITE_T_7481|chr06|22329861|22330103|ta|82|F734	STOWAWAY51_OS	90.041	241	23	1	3	242	242	2	1.98e-88	316
MITE_T_7514|chr10|3798915|3799157|gt|26|F735	STOWAWAY45_OS	90.535	243	19	4	1	241	13	253	1.53e-89	320
MITE_T_7517|chr11|7594798|7595040|ta|73|F736	STOWAWAY21_OS	90.708	226	19	2	16	240	225	1	1.99e-83	300
MITE_T_7521|chr09|21571468|21571710|ta|77|F737	STOWAWAY51_OS	94.595	37	2	0	167	203	76	40	1.32e-10	58.4
MITE_T_7524|chr06|4308044|4308286|TA|77|F738	STOWAWAY9_OS	93.277	238	13	2	3	240	1	235	7.01e-98	348
MITE_T_7532|chr02|31055854|31056096|TTTA|26|F740	STOWAWAY43_OS	86.161	224	22	6	8	226	1	220	2.05e-63	233
MITE_T_7577|chr04|12919854|12920096|At|75|F741	STOWAWAY9_OS	82.439	205	34	2	36	239	32	235	9.73e-47	178
MITE_T_7580|chr02|24386776|24387017|at|75|F742	TREP215	89.873	237	20	3	4	238	235	1	5.51e-84	302
MITE_T_7586|chr06|5580280|5580521|TA|42|F744	STOWAWAY43_OS	87.719	228	18	6	13	232	226	1	1.21e-70	257
MITE_T_7594|chr09|14841539|14841780|AGt|81|F746	TREP215	93.191	235	14	2	5	237	235	1	9.03e-97	344
MITE_T_7594|chr09|14841539|14841780|AGt|81|F746	TREP215	77.083	240	43	11	5	237	1	235	9.90e-32	128
MITE_T_7597|chr06|22651447|22651688|at|75|F747	STOWAWAY9_OS	91.489	235	20	0	4	238	235	1	1.18e-90	324
MITE_T_7608|chr01|22104600|22104841|ta|76|F749	TREP215	90.667	225	19	2	15	239	223	1	7.13e-83	298
MITE_T_7612|chr02|8457882|8458623|TCCACTAT|13|F750	hAT-N15_OS	94.672	732	30	6	9	733	1	730	0.0	1127
MITE_T_7621|chr02|800872|801113|TA|75|F752	STOWAWAY9_OS	94.937	237	10	2	3	239	235	1	1.49e-104	370
MITE_T_7646|chr02|25325512|25325753|TA|26|F753	F569	90.950	221	19	1	12	232	6	225	2.56e-82	296
MITE_T_7654|chr07|21984703|21984944|AA|37|F754	STOWAWAY43_OS	85.897	234	25	6	6	236	229	1	3.39e-66	243
MITE_T_7661|chr07|15679406|15679646|GTAc|75|F756	STOWAWAY9_OS	92.340	235	17	1	4	237	235	1	1.95e-93	333
MITE_T_7666|chr05|3526018|3526258|ggc|17|F757	F569	92.784	194	13	1	1	194	2	194	2.57e-77	279
MITE_T_7676|chr10|13828236|13828476|At|73|F759	TREP215	89.362	235	24	1	4	237	1	235	9.18e-82	294
MITE_T_7676|chr10|13828236|13828476|At|73|F759	TREP215	74.895	239	51	9	4	237	235	1	2.15e-23	100
MITE_T_7689|chr04|22536737|22536977|ac|25|F762	STOWAWAY45_OS	92.531	241	16	2	2	240	253	13	2.50e-97	346
MITE_T_7696|chr01|31989752|31989992|ta|75|F763	TREP215	91.518	224	18	1	3	226	1	223	1.18e-85	307
MITE_T_7699|chr11|4449842|4450082|At|74|F764	Mariner-N17_OS	92.469	239	17	1	2	239	1	239	1.16e-95	340
MITE_T_7699|chr11|4449842|4450082|At|74|F764	Mariner-N17_OS	76.230	244	47	9	2	239	239	1	5.93e-29	119
MITE_T_7703|chr10|11705738|11705978|At|81|F765	STOWAWAY44_OS	90.417	240	21	2	2	239	1	240	1.96e-88	316
MITE_T_7715|chr04|22571058|22571298|ta|74|F767	STOWAWAY9_OS	94.093	237	11	3	3	238	1	235	1.15e-100	357
MITE_T_7726|chr11|19898446|19898686|ta|73|F769	Mariner-N17_OS	88.559	236	24	2	1	235	239	6	1.99e-78	283
MITE_T_7726|chr11|19898446|19898686|ta|73|F769	Mariner-N17_OS	76.033	242	43	13	1	235	1	234	9.92e-27	111
MITE_T_7729|chr05|2140377|2140617|ta|72|F770	Mariner-N17_OS	93.750	240	14	1	1	240	1	239	3.21e-101	359
MITE_T_7729|chr05|2140377|2140617|ta|72|F770	Mariner-N17_OS	76.829	246	44	13	1	240	239	1	3.54e-31	126
MITE_T_7744|chr08|1507446|1507685|ta|79|F772	TREP215	85.593	236	32	2	3	237	235	1	2.59e-67	246
MITE_T_7747|chr05|5992875|5993114|ta|75|F773	TREP215	90.678	236	20	2	3	237	1	235	2.52e-87	313
MITE_T_7750|chr05|25191389|25191628|TA|74|F774	STOWAWAY9_OS	94.894	235	12	0	3	237	235	1	5.31e-104	368
MITE_T_7763|chr04|27073047|27073286|ta|75|F776	STOWAWAY9_OS	90.638	235	20	2	3	236	235	2	9.07e-87	311
MITE_T_7772|chr01|3400954|3401193|ta|72|F778	Mariner-N17_OS	90.000	240	22	2	1	239	1	239	3.26e-86	309
MITE_T_7772|chr01|3400954|3401193|ta|72|F778	Mariner-N17_OS	76.829	246	43	12	1	239	239	1	3.53e-31	126
MITE_T_7785|chr01|11629648|11629886|tta|63|F780	Harbinger-N90_OS	97.163	141	4	0	95	235	37	177	4.32e-65	239
MITE_T_7788|chr01|2469267|2469505|gg|17|F781	Harbinger-N1_OS	89.091	220	18	1	1	214	247	28	5.51e-74	268
MITE_T_7792|chr07|24270464|24270702|ta|38|F782	STOWAWAY41_OS	87.019	208	22	3	36	238	208	1	2.60e-62	230
MITE_T_7792|chr07|24270464|24270702|ta|38|F782	STOWAWAY41_OS	79.412	204	35	7	41	238	62	264	1.62e-34	137
MITE_T_7792|chr07|24270464|24270702|ta|38|F782	STOWAWAY41_OS	100.000	28	0	0	1	28	264	237	6.04e-09	52.8
MITE_T_7802|chr01|28810700|28810938|AAG|39|F785	STOWAWAY18_OS	89.767	215	18	4	12	224	216	4	4.26e-75	272
MITE_T_7806|chr09|10374100|10374338|tgggaA|23|F786	TESS	83.607	244	20	6	8	231	244	1	9.42e-57	211
MITE_T_7822|chr10|14629795|14630033|ta|74|F790	STOWAWAY9_OS	94.093	237	9	5	3	236	1	235	4.11e-100	355
MITE_T_7839|chr02|29140349|29140586|CTA|38|F791	STOWAWAY18_OS	93.981	216	11	1	12	225	1	216	3.21e-91	326
MITE_T_7884|chr10|19600758|19600995|CAATg|25|F795	F569	94.196	224	12	1	5	228	228	6	1.15e-95	340
MITE_T_7907|chr04|20577577|20577814|ta|72|F797	TREP215	86.809	235	29	1	3	235	1	235	9.18e-72	261
MITE_T_7907|chr04|20577577|20577814|ta|72|F797	TREP215	89.610	77	7	1	159	235	76	1	2.74e-22	97.1
MITE_T_7911|chr04|16545162|16545399|ta|79|F798	STOWAWAY21_OS	84.821	224	29	4	17	235	224	1	1.56e-59	220
MITE_T_7924|chr07|2469176|2469413|At|73|F799	Mariner-N17_OS	87.866	239	25	2	2	236	1	239	9.12e-77	278
MITE_T_7929|chr11|1187067|1187304|ta|75|F800	TREP215	86.076	237	27	6	3	235	1	235	1.99e-68	250
MITE_T_7929|chr11|1187067|1187304|ta|75|F800	TREP215	89.474	76	8	0	160	235	76	1	2.74e-22	97.1
MITE_T_7932|chr05|13984845|13985082|ta|74|F801	STOWAWAY2_OS	81.048	248	28	17	6	235	247	1	2.65e-47	180
MITE_T_7935|chr03|14992089|14992326|At|77|F802	STOWAWAY15-2_OS	100.000	31	0	0	204	234	31	1	1.29e-10	58.4
MITE_T_7939|chr02|21936762|21936998|ta|78|F803	TREP215	89.238	223	21	3	3	222	1	223	3.26e-76	276
MITE_T_7942|chr01|17158184|17158419|ta|33|F804	STOWAWAY43_OS	87.013	231	28	2	3	233	1	229	3.27e-71	259
MITE_T_7947|chr06|14301297|14301532|TATA|42|F805	STOWAWAY18_OS	89.498	219	15	8	11	224	1	216	1.51e-74	270
MITE_T_7984|chr12|15326333|15326567|at|35|F807	TYPEM	92.070	227	10	2	9	227	1	227	2.47e-87	313
MITE_T_8013|chr11|18544283|18544517|ta|77|F808	STOWAWAY9_OS	85.597	243	14	7	3	232	1	235	5.49e-64	235
MITE_T_8016|chr03|4507308|4507542|ta|79|F809	STOWAWAY15-2_OS	100.000	31	0	0	3	33	1	31	1.28e-10	58.4
MITE_T_8023|chr05|21075007|21075240|AG|31|F811	TYPEM	89.868	227	15	4	8	226	227	1	5.35e-79	285
MITE_T_8030|chr12|7883430|7883663|ttaa|20|F813	STOWAWAY10_OS	91.416	233	12	4	1	233	242	18	2.45e-87	313
MITE_T_8042|chr04|4440145|4440378|CTG|32|F816	TYPEM	87.665	227	20	4	8	226	1	227	1.17e-70	257
MITE_T_8045|chr12|3365610|3365842|ta|17|F817	STOWAWAY2_OS	85.128	195	23	4	6	194	247	53	2.57e-52	196
MITE_T_8045|chr12|3365610|3365842|ta|17|F817	STOWAWAY2_OS	89.286	56	4	1	155	208	167	222	5.84e-14	69.4
MITE_T_8048|chr11|27710208|27710440|ta|34|F818	STOWAWAY43_OS	85.776	232	26	6	3	230	229	1	4.21e-65	239
MITE_T_8058|chr08|15163305|15163537|ta|33|F820	STOWAWAY43_OS	85.714	231	28	4	3	230	1	229	4.21e-65	239
MITE_T_8062|chr03|3413848|3414080|GC|18|F821	Harbinger-N9B_OS	81.595	163	29	1	34	196	203	42	2.04e-33	134
MITE_T_8079|chr11|26795224|26795455|gtac|35|F823	STOWAWAY43_OS	86.638	232	21	7	4	228	229	1	6.96e-68	248
MITE_T_8112|chr05|665530|665761|tt|19|F826	STOWAWAY10_OS	93.013	229	12	2	1	229	17	241	6.71e-93	331
MITE_T_8123|chr09|1737661|1737891|ta|33|F827	TYPEM	92.233	206	14	1	7	210	227	22	1.13e-80	291
MITE_T_8144|chr03|13885616|13885844|AT|32|F831	TYPEM	92.511	227	9	6	6	224	227	1	5.15e-89	318
MITE_T_8194|chr01|37768520|37768748|TTA|45|F832	COWARD-3	91.556	225	10	8	5	224	1	221	5.19e-84	302
MITE_T_8199|chr05|7028789|7029016|ta|10|F833	TREP215	93.953	215	13	0	3	217	1	215	3.07e-91	326
MITE_T_8199|chr05|7028789|7029016|ta|10|F833	TREP215	76.818	220	41	10	3	217	235	21	7.22e-28	115
MITE_T_8202|chr03|35283969|35284196|tt|50|F834	Harbinger-N90_OS	95.745	141	6	0	7	147	177	37	8.89e-62	228
MITE_T_8205|chr07|17100090|17100317|ttc|45|F835	Harbinger-N90_OS	93.662	142	8	1	83	224	37	177	8.95e-57	211
MITE_T_8209|chr12|25799821|25800048|Cttag|32|F836	TYPEM	91.189	227	12	2	5	223	227	1	5.17e-84	302
MITE_T_8317|chr03|11682031|11682258|AT|16|F838	EXPLORER	88.189	127	15	0	101	227	134	8	5.50e-39	152
MITE_T_8330|chr01|4704948|4705173|CATCTAAT|14|F840	hAT-N22B_OS	90.566	212	11	3	9	217	1	206	4.01e-75	272
MITE_T_8379|chr08|10145022|10145246|ttacta|20|F845	DNA9-70_OS	92.411	224	16	1	1	224	245	23	5.06e-89	318
MITE_T_8394|chr03|22587260|22587482|ctttg|59|F848	Harbinger-N90_OS	97.279	147	3	1	72	218	32	177	6.66e-68	248
MITE_T_8428|chr09|16040495|16040717|TAA|49|F849	F770	90.476	42	1	3	150	189	44	84	5.61e-09	52.8
MITE_T_8433|chr12|15136993|15137215|ctcag|48|F850	Harbinger-N90_OS	94.521	146	7	1	73	218	33	177	1.12e-60	224
MITE_T_8443|chr12|22822457|22822678|ta|62|F853	Mariner-N17_OS	88.739	222	19	2	1	221	228	12	1.83e-73	267
MITE_T_8450|chr07|1262117|1262338|taa|47|F854	Harbinger-N90_OS	92.361	144	10	1	7	150	174	32	1.46e-54	204
MITE_T_8453|chr11|17567635|17567856|taa|49|F855	Harbinger-N90_OS	95.105	143	5	2	76	218	37	177	1.12e-60	224
MITE_T_8457|chr11|223841|224062|at|62|F856	Mariner-N17_OS	88.235	221	20	4	1	221	227	13	3.06e-71	259
MITE_T_8457|chr11|223841|224062|at|62|F856	Mariner-N17_OS	74.667	225	43	10	1	221	13	227	1.53e-19	87.9
MITE_T_8464|chr08|20699712|20699932|TAA|21|F857	F569	86.463	229	15	6	4	217	228	1	1.43e-64	237
MITE_T_8470|chr01|9400362|9400582|TTa|46|F858	Harbinger-N90_OS	95.035	141	7	0	4	144	177	37	4.00e-60	222
MITE_T_8475|chr10|16432340|16432560|tta|46|F859	Harbinger-N90_OS	93.662	142	8	1	76	217	37	177	8.66e-57	211
MITE_T_8486|chr10|21258474|21258693|cta|45|F862	Harbinger-N90_OS	97.163	141	4	0	4	144	177	37	3.95e-65	239
MITE_T_8490|chr10|2085601|2085820|TA|10|F863	hAT-N17B_OS	93.194	191	12	1	18	207	191	1	2.33e-77	279
MITE_T_8493|chr11|24198692|24198911|taa|21|F864	Harbinger-N90_OS	95.588	136	6	0	76	211	37	172	5.15e-59	219
MITE_T_8503|chr01|37598413|37598631|tg|14|F866	Harbinger-N9B_OS	87.793	213	24	2	5	217	18	228	6.53e-68	248
MITE_T_8507|chr04|26994728|26994946|GCGCACCACc|15|F867	hAT-N9_OS	95.000	200	9	1	10	209	1	199	2.28e-87	313
MITE_T_8524|chr05|27842288|27842505|ta|62|F869	Mariner-N17_OS	86.636	217	29	0	1	217	228	12	1.09e-65	241
MITE_T_8524|chr05|27842288|27842505|ta|62|F869	Mariner-N17_OS	75.336	223	43	10	1	217	12	228	2.49e-22	97.1
MITE_T_8534|chr09|12579045|12579261|ta|60|F871	Mariner-N17_OS	90.783	217	19	1	1	216	12	228	3.81e-80	289
MITE_T_8542|chr01|13047648|13047863|TA|31|F872	MuDR-N178_OS	88.837	215	16	3	1	215	10	216	2.97e-71	259
MITE_T_8552|chr02|34790840|34791055|tcc|21|F873	Harbinger-N9B_OS	96.482	199	7	0	16	214	214	16	2.23e-92	329
MITE_T_8565|chr03|16505679|16505894|gc|25|F875	TYPEM	92.157	204	14	1	1	202	225	22	1.36e-79	287
MITE_T_8589|chr02|2069548|2069763|AGTTTGCC|14|F878	hAT-N5_OS	89.500	200	11	3	9	207	1	191	8.32e-67	244
MITE_T_8594|chr09|639531|639745|tt|61|F879	STOWAWAY9_OS	91.429	210	17	1	3	212	14	222	1.36e-79	287
MITE_T_8597|chr09|5275532|5275746|ttt|59|F880	STOWAWAY9_OS	93.301	209	13	1	4	211	14	222	1.04e-85	307
MITE_T_8600|chr02|7310995|7311208|AA|57|F881	Mariner-N17_OS	90.521	211	20	0	3	213	224	14	2.26e-77	279
MITE_T_8605|chr04|33303055|33303267|gc|29|F882	INDITTO	93.396	212	14	0	1	212	27	238	6.16e-88	315
MITE_T_8608|chr10|405173|405384|CAa|15|F883	Harbinger-N90_OS	97.143	140	4	0	69	208	38	177	1.36e-64	237
MITE_T_8612|chr08|4521841|4522052|CG|16|F884	EXPLORER	91.398	186	14	2	24	209	192	9	1.36e-69	254
MITE_T_8622|chr04|29810771|29810982|aa|17|F886	Harbinger-N1_OS	85.638	188	21	2	2	189	230	49	3.00e-51	193
MITE_T_8627|chr05|26609331|26609542|TA|24|F887	EXPLORER	90.476	210	15	1	4	208	210	1	3.74e-75	272
MITE_T_8633|chr06|3110322|3110533|tta|42|F889	Harbinger-N90_OS	94.326	141	8	0	68	208	37	177	1.78e-58	217
MITE_T_8642|chr02|26815832|26816042|ggcc|44|F891	Harbinger-N90_OS	95.714	140	5	1	1	139	176	37	1.06e-60	224
MITE_T_8647|chr07|17769148|17769358|CTAg|26|F892	hAT-N41_OS	89.268	205	19	3	3	206	445	647	1.35e-69	254
MITE_T_8660|chr02|30805291|30805501|at|30|F895	Harbinger-N1_OS	91.525	177	13	1	28	204	47	221	2.92e-66	243
MITE_T_8696|chr04|30992760|30992969|ta|60|F896	Mariner-N17_OS	94.286	210	8	2	1	209	223	17	4.69e-89	318
MITE_T_8706|chr08|18101087|18101295|Gaa|51|F899	hAT-N41_OS	83.744	203	30	3	5	205	647	446	3.82e-50	189
MITE_T_8709|chr01|41974405|41974613|at|14|F900	EXPLORER	89.247	186	19	1	23	208	192	8	6.25e-63	231
MITE_T_8712|chr11|1128040|1128248|CAC|43|F901	Harbinger-N90_OS	93.793	145	5	2	4	148	177	37	6.30e-58	215
MITE_T_8718|chr05|1552226|1552434|TAta|48|F902	Harbinger-N90_OS	93.878	147	3	3	57	203	37	177	1.75e-58	217
MITE_T_8743|chr01|34218741|34218949|ATTTCATG|14|F903	hAT-N5_OS	93.229	192	12	1	9	200	191	1	6.12e-78	281
MITE_T_8761|chr08|24799666|24799873|GACTGAGG|17|F905	hAT-N17B_OS	95.833	192	6	2	9	199	191	1	2.79e-86	309
MITE_T_8770|chr05|27620580|27620787|gc|22|F906	Harbinger-N28_OS	95.652	207	9	0	1	207	240	34	1.66e-93	333
MITE_T_8778|chr01|30405890|30406096|atat|62|F908	STOWAWAY21_OS	100.000	206	0	0	1	206	222	17	5.80e-108	381
MITE_T_8789|chr12|5538658|5538864|TA|31|F911	MuDR-N178_OS	93.237	207	13	1	1	206	216	10	3.59e-85	305
MITE_T_8795|chr04|31328296|31328501|ta|63|F912	STOWAWAY21_OS	81.905	210	29	7	1	203	224	17	4.89e-44	169
MITE_T_8798|chr07|24778503|24779238|ATAAGAAGA|128|F913	DNA9-80_OS	95.603	705	18	7	34	726	36	739	0.0	1120
MITE_T_8798|chr07|24778503|24779238|ATAAGAAGA|128|F913	DNA9-80_OS	85.821	134	7	6	601	726	130	1	6.76e-33	134
MITE_T_8824|chr09|18011419|18011620|CATTACAG|16|F920	hAT-N19_OS	92.473	186	7	5	9	193	1	180	2.76e-71	259
MITE_T_8830|chr05|22708016|22708217|tcc|13|F922	Harbinger-N1_OS	88.889	198	22	0	4	201	226	29	7.74e-67	244
MITE_T_8866|chr03|27942237|27942438|GC|15|F923	hAT-N5_OS	91.457	199	9	2	2	200	1	191	1.65e-73	267
MITE_T_8869|chr10|22561904|22562104|TTAGCATTC|21|F924	DNA9-31_OS	97.802	182	4	0	10	191	1	182	5.78e-88	315
MITE_T_8876|chr04|20307072|20307272|ca|59|F926	Mariner-N17_OS	90.452	199	18	1	3	200	218	20	7.64e-72	261
MITE_T_8881|chr06|13761603|13761802|tc|25|F927	TREP215	94.472	199	11	0	1	199	230	32	9.62e-86	307
MITE_T_8881|chr06|13761603|13761802|tc|25|F927	TREP215	76.650	197	36	10	8	199	13	204	1.75e-23	100
MITE_T_8886|chr04|19249606|19249805|tt|17|F928	Harbinger-N1_OS	88.701	177	20	0	22	198	48	224	1.67e-58	217
MITE_T_8898|chr05|4987196|4987394|ta|54|F929	STOWAWAY21_OS	85.572	201	25	2	1	198	20	219	9.98e-56	207
MITE_T_8909|chr01|1367210|1367407|at|14|F932	Harbinger-N1_OS	91.713	181	15	0	17	197	47	227	4.52e-69	252
MITE_T_8947|chr05|2004239|2004972|aaaaagt|172|F933	MuDR-N27_OS	95.132	719	29	2	9	725	715	1	0.0	1129
MITE_T_8956|chr05|18191876|18192073|ATGACTAA|14|F936	hAT-N17C_OS	96.685	181	6	0	9	189	1	181	4.43e-84	302
MITE_T_8959|chr03|11551201|11551398|AAA|60|F937	Harbinger-N90_OS	91.892	185	7	3	7	191	1	177	4.52e-69	252
MITE_T_8962|chr12|24022593|24022789|ATAT|22|F938	hAT-N19_OS	90.000	180	18	0	9	188	180	1	1.63e-63	233
MITE_T_8965|chr04|32544915|32545111|GAATCACC|16|F939	hAT-N17_OS	96.667	180	6	0	9	188	180	1	1.58e-83	300
MITE_T_8979|chr11|20138555|20138751|TA|24|F940	STOWAWAY16_OS	85.714	182	26	0	13	194	182	1	2.76e-51	193
MITE_T_8986|chr09|17984207|17984402|at|42|F942	TYPEH	82.843	204	25	6	1	195	24	226	9.96e-46	174
MITE_T_8989|chr01|26142495|26142689|TA|62|F943	F804	97.633	169	3	1	14	181	170	2	3.39e-80	289
MITE_T_8994|chr01|17351133|17351327|GCATGTCACc|10|F944	TNR9	94.318	176	10	0	10	185	176	1	1.23e-74	270
MITE_T_9002|chr08|9528754|9528947|cta|20|F945	Harbinger-N90_OS	90.374	187	8	2	4	190	1	177	1.24e-64	237
MITE_T_9005|chr03|32105337|32105530|ta|19|F946	STOWAWAY8_OS	90.256	195	15	4	1	192	20	213	4.42e-69	252
MITE_T_9011|chr08|15951398|15952130|at|55|F948	MUDRN1_OS	89.039	739	57	14	1	732	758	37	0.0	894
MITE_T_9030|chr06|27940883|27941071|AT|19|F950	MuDR-N178_OS	91.489	188	13	1	1	188	21	205	9.23e-71	257
MITE_T_9047|chr10|17614015|17614201|at|18|F955	Harbinger-N1_OS	89.286	168	16	2	17	183	47	213	2.59e-56	209
MITE_T_9056|chr01|7033233|7033418|at|18|F956	Harbinger-N1_OS	88.415	164	18	1	6	168	210	47	2.01e-52	196
MITE_T_9060|chr01|11434249|11434434|at|19|F957	Harbinger-N1_OS	89.441	161	17	0	4	164	212	52	1.20e-54	204
MITE_T_9063|chr11|20532579|20532764|Gaa|53|F958	Harbinger-N90_OS	94.413	179	8	2	4	182	177	1	9.01e-76	274
MITE_T_9072|chr08|7621943|7622127|at|22|F959	Harbinger-N1_OS	90.361	166	15	1	17	181	47	212	1.53e-58	217
MITE_T_9078|chr02|18029482|18029666|at|18|F960	Harbinger-N1_OS	92.308	169	12	1	1	168	215	47	3.27e-65	239
MITE_T_9101|chr04|17871090|17871273|agct|13|F963	TYPEM	89.730	185	17	1	1	183	28	212	4.20e-64	235
MITE_T_9107|chr10|4058911|4059093|aga|45|F965	Harbinger-N90_OS	93.820	178	8	2	4	179	177	1	5.32e-73	265
MITE_T_9110|chr10|21815516|21815697|cg|51|F966	TREP215	92.857	182	11	2	1	181	28	208	1.90e-72	263
MITE_T_9146|chr02|10360215|10360389|CATTCAGG|17|F972	hAT-N70B_OS	96.835	158	5	0	9	166	158	1	5.07e-73	265
MITE_T_9152|chr03|13304502|13304676|gttccgtt|16|F973	hAT-N39_OS	91.772	158	13	0	9	166	158	1	1.11e-59	220
MITE_T_9155|chr03|3050668|3050841|TATACAGg|14|F974	hAT-N4_OS	96.815	157	4	1	9	165	1	156	6.51e-72	261
MITE_T_9161|chr09|3064750|3064922|atctagtggt|12|F975	hAT-N38_OS	88.961	154	16	1	10	163	1	153	3.10e-50	189
MITE_T_9165|chr10|3843170|3843341|AT|40|F976	TELIA	90.780	141	13	0	15	155	141	1	3.08e-50	189
MITE_T_9243|chr06|5313660|5314388|at|18|F978	JOUZHENA	92.480	625	29	6	30	654	607	1	0.0	878
MITE_T_9262|chr11|12006088|12006257|AGTATCGG|16|F983	hAT-N38_OS	90.196	153	15	0	9	161	1	153	1.40e-53	200
MITE_T_9274|chr06|17728279|17728448|actgggaa|16|F984	hAT-N38_OS	94.771	153	8	0	9	161	153	1	2.97e-65	239
MITE_T_9293|chr05|25726239|25726407|CA|20|F986	hAT-N100_OS	94.245	139	8	0	21	159	139	1	1.79e-57	213
MITE_T_9307|chr12|10846586|10846754|ATAT|38|F989	MuDR-N67_OS	96.610	59	2	0	110	168	470	412	5.23e-23	99.0
MITE_T_9319|chr06|18123207|18123373|TATA|20|F992	UNIQUE	90.968	155	11	1	9	160	155	1	2.96e-55	206
MITE_T_9322|chr03|14506579|14506744|cgtg|37|F993	STOWAWAY51_OS	91.566	166	11	2	1	165	205	42	6.27e-62	228
MITE_T_9322|chr03|14506579|14506744|cgtg|37|F993	STOWAWAY51_OS	100.000	33	0	0	3	35	44	76	6.73e-12	62.1
MITE_T_9342|chr01|3188270|3188434|gc|15|F996	GAIJIN	93.056	144	10	0	3	146	144	1	6.27e-57	211
MITE_T_9358|chr01|35511961|35512125|TAA|49|F998	Harbinger-N90_OS	97.674	129	2	1	34	161	49	177	1.04e-59	220
MITE_T_9362|chr03|20398474|20399200|CG|12|F999	TOURIST-XIII	86.940	268	34	1	400	666	2	269	6.22e-83	300
MITE_T_9387|chr10|16082932|16083094|TAA|16|F1003	UNIQUE	91.139	158	12	1	4	159	1	158	1.72e-57	213
MITE_T_9396|chr09|21270048|21270210|ag|41|F1005	F804	93.827	162	8	2	1	162	6	165	2.19e-66	243
MITE_T_9469|chr11|25140500|25140658|AA|18|F1009	GAIJIN	92.414	145	10	1	6	150	1	144	2.80e-55	206
MITE_T_9483|chr01|22348413|22348571|GAT|18|F1012	GAIJIN	90.909	143	13	0	8	150	2	144	2.18e-51	193
MITE_T_9493|chr02|28484716|28484873|AT|20|F1015	GAIJIN	92.361	144	11	0	6	149	1	144	2.78e-55	206
MITE_T_9501|chr10|20021838|20021995|at|23|F1016	EnSpm-N5_OS	97.368	38	1	0	4	41	158	121	4.92e-13	65.8
MITE_T_9506|chr12|17485196|17485353|gc|41|F1017	F804	95.541	157	6	1	1	157	8	163	1.27e-68	250
MITE_T_9583|chr03|11279184|11279339|gc|15|F1020	UNIQUE	93.590	156	9	1	1	155	2	157	4.52e-63	231
MITE_T_9587|chr03|16442035|16442190|TA|18|F1021	GAIJIN	92.414	145	10	1	4	148	1	144	2.74e-55	206
MITE_T_9592|chr01|12733005|12733160|CCAag|26|F1022	GAIJIN	89.865	148	14	1	5	152	1	147	2.76e-50	189
MITE_T_9602|chr09|16642513|16643237|CGCTAG|26|F1023	DS-RICE4N	86.795	727	65	13	9	717	714	1	0.0	782
MITE_T_9643|chr04|34310520|34310675|taaaa|25|F1024	TELIA	92.199	141	11	0	8	148	141	1	1.27e-53	200
MITE_T_9647|chr07|17461073|17461227|TCA|16|F1025	GAIJIN	92.254	142	10	1	4	145	147	7	1.26e-53	200
MITE_T_9650|chr06|1475949|1476103|tca|19|F1026	GAIJIN	91.096	146	10	3	7	151	144	1	5.88e-52	195
MITE_T_9657|chr09|17119151|17119304|TA|18|F1027	GAIJIN	96.454	141	5	0	10	150	7	147	1.24e-63	233
MITE_T_9669|chr10|22471577|22471730|tta|16|F1028	GAIJIN	92.361	144	11	0	7	150	144	1	2.70e-55	206
MITE_T_9690|chr09|10606065|10606789|ATTTTTCTT|146|F1032	MuDR-N280_OS	91.127	710	41	9	10	715	1	692	0.0	942
MITE_T_9718|chr04|31920025|31920177|TA|18|F1036	GAIJIN	91.608	143	12	0	5	147	2	144	4.48e-53	198
MITE_T_9789|chr09|19170162|19170313|aaTT|26|F1041	TELIA	90.780	141	13	0	6	146	1	141	2.68e-50	189
MITE_T_9809|chr10|6952089|6952239|Ta|17|F1044	GAIJIN	89.510	143	13	1	4	144	2	144	1.60e-47	180
MITE_T_9816|chr01|4834985|4835135|TACGTA|34|F1046	DNA9-50B_OS	92.715	151	6	3	1	150	12	158	1.58e-57	213
MITE_T_9819|chr02|4863482|4863632|GA|45|F1047	DNA-16_OS	93.939	132	7	1	10	140	1	132	4.42e-53	198
MITE_T_9828|chr12|7929300|7929449|at|13|F1049	hAT-N105_OS	93.836	146	8	1	2	147	621	477	3.36e-59	219
MITE_T_9853|chr01|17324161|17324310|AAAACTA|13|F1053	OSTE18	92.523	107	6	2	37	142	108	3	3.46e-39	152
MITE_T_9853|chr01|17324161|17324310|AAAACTA|13|F1053	OSTE18	89.286	112	10	2	34	144	19	129	2.69e-35	139
MITE_T_9864|chr12|217160|217308|at|45|F1055	TNR2A	87.333	150	14	4	2	146	152	3	1.23e-43	167
MITE_T_9909|chr03|12932080|12932227|ata|22|F1062	TELIA	92.199	141	11	0	4	144	141	1	1.20e-53	200
MITE_T_9918|chr08|2575137|2575284|TT|47|F1063	TNR2	83.333	144	23	1	4	146	150	7	4.44e-33	132
MITE_T_10003|chr12|23573910|23574056|TA|21|F1072	hAT-N38_OS	90.977	133	12	0	11	143	133	1	1.55e-47	180
MITE_T_10040|chr11|5708422|5708568|agcc|10|F1078	GAIJIN	91.608	143	11	1	2	143	2	144	1.54e-52	196
MITE_T_10072|chr07|1723525|1723670|ATT|25|F1083	DNA9-21_OS	92.414	145	11	0	1	145	150	6	7.06e-56	207
MITE_T_10107|chr03|14557060|14557203|TGA|20|F1089	UNIQUE	93.878	98	6	0	43	140	98	1	4.27e-38	148
MITE_T_10141|chr10|2435686|2435827|ttaa|46|F1095	TNR2A	88.356	146	12	3	1	141	4	149	8.97e-45	171
MITE_T_10170|chr05|3571975|3572109|TAA|15|F1100	ZM13-1_OS	92.208	77	5	1	29	104	26	102	6.73e-26	108
MITE_T_10176|chr08|423231|423365|TTA|15|F1102	ZM13-2_OS	89.691	97	10	0	34	130	11	107	6.69e-31	124
MITE_T_10187|chr01|18635884|18636016|TA|23|F1104	TNR2A	89.231	130	8	4	9	132	2	131	6.48e-41	158
MITE_T_10190|chr09|15279180|15279306|ta|12|F1105	F804	94.444	126	7	0	1	126	155	30	4.74e-52	195
MITE_T_10193|chr01|12341502|12341626|AT|34|F1106	DNA-16_OS	97.581	124	3	0	1	124	5	128	1.28e-57	213
MITE_T_10193|chr01|12341502|12341626|AT|34|F1106	DNA-16_OS	100.000	33	0	0	92	124	37	5	4.92e-12	62.1
MITE_T_10193|chr01|12341502|12341626|AT|34|F1106	DNA-16_OS	100.000	33	0	0	1	33	128	96	4.92e-12	62.1
MITE_T_10204|chr02|34912209|34912330|TG|19|F1109	ZM13-1_OS	97.143	70	1	1	33	101	104	35	1.01e-28	117
MITE_T_10210|chr09|4474250|4474369|GC|21|F1111	TNR2A	88.525	122	9	2	1	117	123	2	1.63e-36	143
MITE_T_10213|chr02|15701313|15701432|tt|11|F1112	hAT-N4_OS	97.826	92	2	0	28	119	41	132	1.62e-41	159
MITE_T_10247|chr12|3100702|3100818|ttt|14|F1120	F804	98.276	116	1	1	1	116	148	34	2.57e-54	202
MITE_T_10303|chr08|26340424|26340539|aa|16|F1124	TNR2A	87.395	119	10	3	1	114	121	3	3.39e-33	132
MITE_T_10327|chr03|2931720|2932435|CCTGAGGGAG|169|F1126	OSTE24	97.986	695	3	2	11	705	684	1	0.0	1195
MITE_T_10327|chr03|2931720|2932435|CCTGAGGGAG|169|F1126	OSTE24	86.842	76	7	2	549	622	624	550	2.42e-17	82.4
MITE_T_10384|chr01|9761915|9762630|at|142|F1129	Mudr5-N1_OS	87.943	423	37	7	20	430	528	108	1.56e-143	501
MITE_T_10449|chr09|15264899|15265612|TTAATATG|22|F1140	hAT-N3_OS	89.383	697	63	5	9	705	1	686	0.0	867
MITE_T_10472|chr01|38838294|38838387|cg|21|F1144	OLO24C	94.624	93	5	0	1	93	129	221	3.39e-37	145
MITE_T_10475|chr12|6117089|6117180|GAC|14|F1145	EnSpm-N5_OS	97.436	39	1	0	3	41	123	161	7.34e-14	67.6
MITE_T_10481|chr08|10626334|10626423|aa|11|F1147	DNA9-34C_OS	95.402	87	4	0	3	89	346	432	1.49e-35	139
MITE_T_10491|chr10|21863241|21863328|ta|24|F1149	TREP219	100.000	47	0	0	39	85	47	1	5.34e-20	87.9
MITE_T_10494|chr07|3828344|3828430|AT|17|F1150	Helitron-N10B_OS	97.531	81	2	0	4	84	305	225	1.43e-35	139
MITE_T_10497|chr11|1713661|1714369|TAAATTAAA|177|F1151	MuDR-N40_OS	93.324	689	38	2	10	697	1	682	0.0	1011
MITE_T_10497|chr11|1713661|1714369|TAAATTAAA|177|F1151	MuDR-N40_OS	85.795	176	17	4	10	184	684	516	8.24e-47	180
MITE_T_10520|chr01|6887747|6888452|ta|111|F1155	Mudr5-N1_OS	88.729	417	41	3	276	692	119	529	1.53e-148	518
MITE_T_10536|chr06|11498111|11498815|AT|160|F1157	MuDR-N139_OS	99.704	676	1	1	15	689	676	1	0.0	1236
MITE_T_10536|chr06|11498111|11498815|AT|160|F1157	MuDR-N139_OS	90.345	145	13	1	15	159	1	144	1.36e-49	189
MITE_T_10536|chr06|11498111|11498815|AT|160|F1157	MuDR-N139_OS	89.655	145	14	1	546	689	532	676	6.33e-48	183
MITE_T_10541|chr02|7571170|7571874|ATCTATTTG|60|F1158	Mudr5-N1_OS	86.190	420	49	5	279	695	116	529	3.38e-130	457
MITE_T_10550|chr09|9002806|9003510|ttttttctTC|92|F1159	CLOUD-2	79.477	726	88	26	12	693	710	2	9.40e-131	459
MITE_T_10555|chr10|12883046|12883116|tt|11|F1160	ZM13-1_OS	91.429	70	0	1	1	70	96	33	3.14e-21	91.6
MITE_T_10583|chr06|16647982|16648039|AAATATTT|11|F1166	DNA9-13_OS	94.737	57	3	0	1	57	548	492	8.80e-21	89.8
MITE_T_10595|chr02|5899610|5900402|CG|10|F1170	TOURIST-XIII	87.823	271	30	3	58	326	271	2	2.43e-87	315
MITE_T_10606|chr04|3412756|3413447|ta|43|F1171	CLOUD-2	85.451	488	41	8	213	691	242	708	1.97e-137	481
MITE_T_10635|chr04|13659792|13660481|TCG|27|F1173	EnSpm-N3_OS	96.914	648	20	0	4	651	648	1	0.0	1086
MITE_T_10635|chr04|13659792|13660481|TCG|27|F1173	EnSpm-N3_OS	100.000	34	0	0	653	686	34	1	8.42e-12	63.9
MITE_T_10653|chr10|2975320|2976008|TTTAGAA|136|F1174	Mudr5-N1_OS	87.385	436	39	8	247	680	108	529	5.41e-143	499
MITE_T_10653|chr10|2975320|2976008|TTTAGAA|136|F1174	Mudr5-N1_OS	92.857	112	8	0	9	120	1	112	8.06e-42	163
MITE_T_10659|chr04|10757372|10758163|AA|13|F1175	hAT-N13B_OS	100.000	67	0	0	1	67	222	288	4.39e-30	124
MITE_T_10662|chr05|3367495|3368177|attatgGAA|200|F1176	MuDR-N32_OS	96.252	667	20	4	10	673	665	1	0.0	1088
MITE_T_10665|chr08|20990808|20991489|ACG|14|F1177	EnSpm-N3_OS	83.851	644	78	14	4	644	648	28	3.09e-170	590
MITE_T_10677|chr05|3373150|3373831|CCGATGAG|50|F1178	hAT-N11B_OS	86.738	279	29	6	39	311	508	232	4.50e-84	303
MITE_T_10709|chr04|5783125|5783916|AT|42|F1180	DNA3-2B_OS	97.468	790	10	2	6	786	789	1	0.0	1339
MITE_T_10714|chr03|31883567|31884245|tcga|13|F1181	DNA9-N3_OS	99.686	318	1	0	361	678	337	20	5.14e-168	582
MITE_T_10714|chr03|31883567|31884245|tcga|13|F1181	DNA9-N3_OS	97.170	318	9	0	1	318	318	1	1.13e-154	538
MITE_T_10727|chr07|3887659|3888336|Ttag|19|F1183	hAT-N3_OS	86.063	696	66	10	2	676	686	1	0.0	719
MITE_T_10731|chr12|13490653|13491443|TA|10|F1184	CLOUD	91.678	721	50	4	70	790	1	711	0.0	990
MITE_T_10731|chr12|13490653|13491443|TA|10|F1184	CLOUD	81.081	370	59	9	273	638	565	203	1.90e-78	285
MITE_T_10789|chr01|26806871|26807543|TGCCCGTC|19|F1185	DNA8-1B_OS	89.939	656	55	7	10	663	647	1	0.0	835
MITE_T_10807|chr06|20281522|20282185|AATT|118|F1187	MuDR-N49_OS	82.692	676	84	17	1	663	2	657	3.91e-164	569
MITE_T_10810|chr05|126717|127378|AGGTGT|16|F1188	hAT-N48_OS	95.981	647	22	1	8	654	1	643	0.0	1048
MITE_T_10813|chr04|14600170|14600831|ta|16|F1189	EnSpm-N3B_OS	88.619	659	68	6	4	659	655	1	0.0	795
MITE_T_10816|chr05|2480971|2481631|TAAAAAGAGC|84|F1190	MuDR-N189_OS	91.704	663	29	2	11	650	1	660	0.0	896
MITE_T_10820|chr04|25115847|25116506|AGTAACGG|12|F1191	hAT-N14C_OS	96.890	643	20	0	9	651	1	643	0.0	1077
MITE_T_10831|chr03|14893356|14894013|ta|120|F1192	MICROPON-LIKE-1	97.710	393	9	0	146	538	1	393	0.0	676
MITE_T_10834|chr04|5619218|5619873|at|25|F1193	MUDRN1_OS	89.910	664	57	9	1	655	66	728	0.0	846
MITE_T_10837|chr07|420336|420990|ATCAAAATa|23|F1194	DNA9-8_OS	95.768	638	13	4	10	645	626	1	0.0	1016
MITE_T_10874|chr02|27760673|27761325|ta|58|F1195	hAT-N11_OS	83.285	347	41	14	304	642	264	601	4.31e-84	303
MITE_T_10898|chr12|20089956|20090608|TTTgca|53|F1196	hAT-N11B_OS	89.320	103	8	2	293	393	228	329	1.00e-30	126
MITE_T_10906|chr01|12926568|12927214|TTTTGa|19|F1197	hAT-N26_OS	92.512	641	18	8	8	639	1	620	0.0	891
MITE_T_10916|chr03|1278128|1278774|acctggctat|13|F1198	hAT-N11_OS	94.824	541	23	3	102	637	61	601	0.0	839
MITE_T_10916|chr03|1278128|1278774|acctggctat|13|F1198	hAT-N11_OS	98.969	97	1	0	10	106	1	97	3.49e-45	174
MITE_T_10988|chr04|20187252|20187896|CATCCACT|14|F1199	hAT-N13B_OS	94.603	630	28	4	9	636	626	1	0.0	970
MITE_T_10993|chr04|14828784|14829428|GTAGAGAG|24|F1200	DS-RICE4N	88.916	415	32	3	225	636	404	1	5.05e-143	499
MITE_T_11022|chr05|7424110|7424748|ACTGGGAT|13|F1201	hAT-N14D_OS	99.678	622	2	0	9	630	622	1	0.0	1138
MITE_T_11025|chr11|26863382|26864020|TA|28|F1202	DS-RICE2N	98.049	615	10	1	13	627	1	613	0.0	1068
MITE_T_11078|chr09|8203547|8204183|TA|78|F1203	MuDR-N14B_OS	80.444	675	70	37	5	631	14	674	8.47e-131	459
MITE_T_11082|chr03|29036297|29036932|ttTGATAG|23|F1204	JOUZHENA	94.184	619	24	4	9	627	1	607	0.0	933
MITE_T_11174|chr03|17239329|17240116|at|29|F1205	MUDRN1_OS	90.722	679	48	7	1	669	758	85	0.0	891
MITE_T_11194|chr01|11772776|11773405|AGTGAGTA|16|F1206	hAT-N26_OS	87.801	623	63	7	9	621	620	1	0.0	717
MITE_T_11197|chr09|21044750|21045377|TATA|20|F1207	MICROPON-LIKE-1B	98.982	393	4	0	184	576	1	393	0.0	704
MITE_T_11200|chr01|10601786|10602409|TTT|76|F1208	DNA9-47_OS	98.716	623	6	1	1	623	5	625	0.0	1105
MITE_T_11215|chr05|1679248|1679863|TAAAA|135|F1210	MuDR-N9_OS	97.877	471	8	2	139	607	70	540	0.0	813
MITE_T_11222|chr02|24369935|24370549|CCCCCACG|18|F1211	hAT-N30_OS	90.894	604	38	8	9	606	593	1	0.0	797
MITE_T_11225|chr11|4820290|4820903|gcactaac|14|F1212	hAT-N11_OS	92.996	257	17	1	9	265	601	346	3.05e-105	374
MITE_T_11225|chr11|4820290|4820903|gcactaac|14|F1212	hAT-N11_OS	80.966	352	32	22	289	605	352	1	6.94e-67	246
MITE_T_11229|chr01|24798387|24798999|taataaaaa|223|F1213	XIKE	100.000	594	0	0	10	603	1	594	0.0	1098
MITE_T_11229|chr01|24798387|24798999|taataaaaa|223|F1213	XIKE	88.739	222	23	2	382	603	220	1	4.11e-74	270
MITE_T_11229|chr01|24798387|24798999|taataaaaa|223|F1213	XIKE	88.739	222	23	2	10	229	594	373	4.11e-74	270
MITE_T_11245|chr04|25889243|25889855|TTTAAAAA|128|F1214	MuDR-N12_OS	88.591	596	42	11	10	604	1	571	0.0	701
MITE_T_11259|chr04|31229540|31230152|TTTACCAGa|121|F1215	MuDR-N41_OS	97.819	596	11	1	10	603	1	596	0.0	1027
MITE_T_11272|chr09|9363003|9363613|AAAT|125|F1217	MuDR-N74C_OS	90.323	589	22	16	12	599	1	555	0.0	739
MITE_T_11272|chr09|9363003|9363613|AAAT|125|F1217	MuDR-N74C_OS	100.000	28	0	0	317	344	74	47	1.61e-08	52.8
MITE_T_11275|chr07|29129483|29130093|TGATACGTC|63|F1218	DNA9-49_OS	91.914	606	26	7	14	601	601	1	0.0	826
MITE_T_11278|chr07|23696922|23697529|agatggtggt|16|F1219	JOUZHEN	85.927	604	62	11	10	598	596	1	2.72e-180	623
MITE_T_11287|chr12|17065701|17066306|TA|234|F1221	MuDR-N9_OS	97.412	541	12	2	34	573	1	540	0.0	920
MITE_T_11299|chr05|21787272|21787875|TAA|20|F1222	MICROPON-LIKE-1	94.402	393	22	0	136	528	1	393	9.77e-175	604
MITE_T_11307|chr01|22389582|22390181|ATat|102|F1223	MICROPON-LIKE-1B	99.746	393	1	0	110	502	1	393	0.0	721
MITE_T_11339|chr05|19928763|19929547|TTGTATTTT|181|F1224	CLOUD	88.802	768	50	16	10	775	1	734	0.0	909
MITE_T_11339|chr05|19928763|19929547|TTGTATTTT|181|F1224	CLOUD	90.055	181	10	3	10	190	734	562	3.22e-61	228
MITE_T_11339|chr05|19928763|19929547|TTGTATTTT|181|F1224	CLOUD	95.161	124	6	0	215	338	565	442	9.09e-52	196
MITE_T_11408|chr12|21184892|21185489|tata|15|F1225	EnSpm-N3_OS	84.167	600	76	12	1	595	20	605	1.64e-162	564
MITE_T_11413|chr07|9527666|9528261|TATA|42|F1226	hAT-N11B_OS	90.083	121	10	1	164	282	208	328	1.17e-39	156
MITE_T_11413|chr07|9527666|9528261|TATA|42|F1226	hAT-N11B_OS	87.255	102	9	4	236	334	228	328	7.12e-27	113
MITE_T_11418|chr11|529084|529677|CATCG|143|F1227	DNA9-34B_OS	89.474	589	37	12	5	589	568	1	0.0	723
MITE_T_11421|chr01|36348426|36349017|GGC|20|F1228	hAT-N10_OS	95.113	573	25	2	10	582	1	570	0.0	900
MITE_T_11475|chr05|76440|77028|TATAAAAAA|57|F1230	MuDR-N12_OS	87.350	585	45	9	10	579	571	1	0.0	643
MITE_T_11510|chr03|16571166|16571753|tt|130|F1231	MuDR-N152_OS	95.238	567	23	1	11	577	563	1	0.0	894
MITE_T_11532|chr02|14098067|14098652|AACATTAAA|104|F1234	CLOUD-3	87.719	570	47	5	10	576	550	1	0.0	643
MITE_T_11539|chr12|24095016|24095601|TTAA|27|F1235	MICROPON-LIKE-1B	98.982	393	4	0	86	478	393	1	0.0	704
MITE_T_11551|chr02|16569350|16569935|tata|13|F1236	hAT-N11_OS	84.211	608	66	21	1	585	601	1	1.61e-162	564
MITE_T_11564|chr03|6125522|6126304|CA|25|F1238	hAT-N82_OS	99.208	758	5	1	14	771	1	757	0.0	1365
MITE_T_11567|chr03|26455636|26456216|GC|10|F1239	hAT-N48_OS	89.862	217	17	3	58	274	643	432	3.01e-75	274
MITE_T_11567|chr03|26455636|26456216|GC|10|F1239	hAT-N48_OS	86.869	198	16	8	275	465	464	270	6.65e-57	213
MITE_T_11575|chr11|22707280|22707857|AT|31|F1241	MICROPON-LIKE-1	97.449	392	10	0	119	510	393	2	0.0	669
MITE_T_11612|chr03|26313174|26313750|AT|18|F1243	Harbinger-N62_OS	96.289	512	15	1	16	523	1	512	0.0	839
MITE_T_11615|chr04|8478490|8479065|TTA|141|F1244	MuDR-N156_OS	92.416	567	29	3	5	571	553	1	0.0	800
MITE_T_11618|chr08|3663832|3664406|GCTAGCCAg|170|F1245	MuDR-N43_OS	97.482	556	12	2	10	565	1	554	0.0	948
MITE_T_11618|chr08|3663832|3664406|GCTAGCCAg|170|F1245	MuDR-N43_OS	93.491	169	9	2	10	177	554	387	5.01e-68	250
MITE_T_11618|chr08|3663832|3664406|GCTAGCCAg|170|F1245	MuDR-N43_OS	91.176	170	12	3	397	565	168	1	2.35e-61	228
MITE_T_11628|chr11|26053798|26054372|AGATTAGAA|185|F1246	CLOUD-4	85.593	236	33	1	10	244	1	236	6.48e-67	246
MITE_T_11631|chr06|1950835|1951407|TATTTTTAT|70|F1247	MuDR-N74B_OS	93.178	557	29	5	10	563	1	551	0.0	809
MITE_T_11636|chr01|39077704|39078275|TAAGTAC|219|F1248	MuDR-N35_OS	95.413	545	24	1	14	557	1	545	0.0	867
MITE_T_11636|chr01|39077704|39078275|TAAGTAC|219|F1248	MuDR-N35_OS	94.340	212	10	2	14	224	545	335	2.90e-90	324
MITE_T_11636|chr01|39077704|39078275|TAAGTAC|219|F1248	MuDR-N35_OS	93.396	212	12	2	347	557	211	1	6.27e-87	313
MITE_T_11644|chr07|19633003|19633574|GC|27|F1249	SUSU	95.699	279	12	0	122	400	1	279	4.58e-128	449
MITE_T_11644|chr07|19633003|19633574|GC|27|F1249	SUSU	93.939	165	10	0	401	565	115	279	4.98e-68	250
MITE_T_11644|chr07|19633003|19633574|GC|27|F1249	SUSU	89.831	118	11	1	6	122	1	118	5.20e-38	150
MITE_T_11658|chr05|17822005|17822573|TATAGAAAA|224|F1252	MuDR-N9_OS	88.969	553	47	10	10	559	542	1	0.0	671
MITE_T_11665|chr06|1868648|1869216|GTCTATTCA|111|F1254	MuDR-N258_OS	90.778	553	43	4	10	559	1	548	0.0	732
MITE_T_11672|chr04|11431975|11432543|ATTGAAGt|14|F1255	hAT-N11B_OS	90.000	500	40	7	42	538	508	16	0.0	640
MITE_T_11676|chr02|21146861|21147428|AAAACTTAA|98|F1256	MuDR-N12_OS	91.259	572	26	7	10	558	1	571	0.0	758
MITE_T_11683|chr01|42456109|42456675|tatata|11|F1258	MICROPON-LIKE-1B	99.743	389	1	0	6	394	389	1	0.0	713
MITE_T_11691|chr05|26231143|26231924|TCCCTACA|14|F1260	hAT-N41_OS	95.405	740	32	1	34	773	17	754	0.0	1177
MITE_T_11695|chr06|14376905|14377469|gttttatc|14|F1261	hAT-N25_OS	95.020	502	25	0	9	510	1	502	0.0	789
MITE_T_11695|chr06|14376905|14377469|gttttatc|14|F1261	hAT-N25_OS	100.000	46	0	0	511	556	482	527	1.47e-18	86.1
MITE_T_11727|chr01|33167676|33168239|TTA|19|F1263	CASTAWAY	85.165	364	54	0	197	560	1	364	2.79e-105	374
MITE_T_11747|chr12|12566002|12566563|tt|104|F1266	CLOUD-3	83.630	562	75	13	3	559	550	1	5.65e-147	512
MITE_T_11763|chr01|42588592|42589147|ATTCCGAG|12|F1269	hAT-N14B_OS	92.545	550	19	4	9	547	1	539	0.0	769
MITE_T_11770|chr06|11676218|11676772|agt|117|F1270	MuDR-N66C_OS	91.486	552	28	10	8	550	542	1	0.0	741
MITE_T_11773|chr08|19123320|19123874|CATATTCTTC|22|F1271	CLOUD-4	87.945	506	43	11	11	511	1	493	1.51e-167	580
MITE_T_11778|chr03|1117179|1117731|ATA|148|F1272	MuDR-N10_OS	91.871	529	42	1	11	539	530	3	0.0	739
MITE_T_11792|chr04|33135261|33135813|TTGAATTTT|118|F1274	CLOUD-4	84.572	538	61	13	10	543	520	1	1.55e-147	514
MITE_T_11805|chr07|28656003|28656553|TAAAA|93|F1276	Mudr5-N1_OS	87.361	538	57	5	8	543	1	529	8.82e-180	621
MITE_T_11808|chr12|20945596|20946145|TTAGAAAAT|172|F1277	MuDR-N355_OS	92.935	552	18	4	10	540	552	1	0.0	791
MITE_T_11811|chr11|19097093|19097638|ggtcagacc|23|F1278	QINNIU	93.738	527	33	0	11	537	527	1	0.0	791
MITE_T_11881|chr06|15356702|15357245|CAATATAC|105|F1280	CLOUD-3	82.033	551	72	11	10	534	550	1	2.02e-126	444
MITE_T_11887|chr09|3742674|3743217|CCGGTAAg|12|F1281	hAT-N10B_OS	96.015	527	21	0	9	535	527	1	0.0	857
MITE_T_11895|chr11|5744308|5744850|AACT|14|F1283	MuDR-N91_OS	98.708	542	7	0	1	542	556	15	0.0	965
MITE_T_11898|chr08|15417963|15418505|CCTGCGAG|19|F1284	DS-RICE3N	91.250	160	14	0	9	168	525	366	1.33e-58	219
MITE_T_11906|chr10|1099006|1099784|TAATACTAA|26|F1285	OSTE17	90.541	740	56	11	38	769	734	1	0.0	966
MITE_T_11906|chr10|1099006|1099784|TAATACTAA|26|F1285	OSTE17	84.379	749	85	23	38	769	1	734	0.0	706
MITE_T_11913|chr01|33085942|33086482|TAA|17|F1286	INDITTO	94.403	268	10	1	270	537	1	263	2.64e-115	407
MITE_T_11913|chr01|33085942|33086482|TAA|17|F1286	INDITTO	94.615	260	14	0	4	263	1	260	3.41e-114	403
MITE_T_11917|chr08|16296859|16297398|ta|72|F1287	CLOUD-3	84.461	547	74	10	1	539	4	547	5.39e-152	529
MITE_T_11922|chr08|10972674|10973211|CAAAAGAC|12|F1288	DS-RICE3N	87.576	491	58	3	9	498	525	37	4.09e-163	566
MITE_T_11937|chr04|21588737|21589270|GTGCGCAC|22|F1291	OSTE30	86.965	537	42	12	9	525	1	529	5.21e-167	579
MITE_T_11941|chr01|24060050|24060827|AT|10|F1292	DNA9-13_OS	92.647	68	5	0	271	338	460	393	2.61e-22	99.0
MITE_T_11947|chr08|620527|621059|ATATTGTTA|194|F1293	CLOUD-6	79.167	240	38	7	294	523	271	508	1.04e-39	156
MITE_T_11952|chr09|21759139|21759670|ctcctcct|12|F1294	DS-RICE3N	87.151	537	35	21	9	523	525	1	5.19e-167	579
MITE_T_11982|chr01|4691167|4691696|ACTGTATG|12|F1296	DS-RICE3N	93.241	503	32	2	21	521	23	525	0.0	739
MITE_T_12003|chr09|8129325|8129853|ATTGCAGC|18|F1298	hAT-N31_OS	90.097	515	46	5	9	520	1	513	0.0	664
MITE_T_12007|chr09|12139707|12140234|CTAAAAGC|11|F1299	hAT-N52_OS	87.524	529	25	19	9	519	1	506	2.40e-165	573
MITE_T_12020|chr10|19830817|19831616|TA|24|F1303	MuDR-N67_OS	88.976	127	14	0	594	720	470	344	4.37e-40	158
MITE_T_12024|chr02|3931753|3932273|TTTTTGTTG|222|F1304	CLOUD-7	81.128	514	66	19	10	512	494	1	4.28e-108	383
MITE_T_12024|chr02|3931753|3932273|TTTTTGTTG|222|F1304	CLOUD-7	87.815	238	24	5	280	512	258	495	2.68e-75	274
MITE_T_12034|chr06|28584254|28584773|CGGAAG|14|F1306	hAT-N14_OS	87.259	518	32	17	8	512	1	497	1.84e-161	560
MITE_T_12038|chr03|17620827|17621344|ttaaatata|103|F1307	MuDR-N15_OS	90.656	503	38	6	10	508	498	1	0.0	662
MITE_T_12038|chr03|17620827|17621344|ttaaatata|103|F1307	MuDR-N15_OS	89.431	123	12	1	386	508	377	498	3.63e-39	154
MITE_T_12049|chr08|2519390|2519907|GAGCAGCACc|18|F1308	OSTE30	84.601	526	51	13	13	508	526	1	5.23e-142	496
MITE_T_12065|chr05|21195816|21196332|ATGTT|10|F1309	MuDR-N95_OS	94.617	483	22	3	20	500	488	8	0.0	747
MITE_T_12071|chr08|15619146|15619659|AATGGAGGGt|12|F1310	hAT-N14B_OS	74.635	548	77	44	10	504	539	1	1.28e-48	185
MITE_T_12074|chr10|2287802|2288313|TAAAa|75|F1311	TNR12	87.680	487	46	10	32	511	42	521	8.41e-160	555
MITE_T_12074|chr10|2287802|2288313|TAAAa|75|F1311	TNR12	82.705	451	60	15	8	449	483	42	1.17e-108	385
MITE_T_12082|chr01|19333320|19333829|TAAAAATAa|214|F1313	CLOUD-7	90.744	497	40	4	9	501	1	495	0.0	658
MITE_T_12082|chr01|19333320|19333829|TAAAAATAa|214|F1313	CLOUD-7	87.174	499	54	9	9	501	495	1	6.47e-161	558
MITE_T_12096|chr06|28669420|28670195|CCCCAACCC|143|F1314	MuDR-N162_OS	95.251	758	35	1	10	766	758	1	0.0	1203
MITE_T_12096|chr06|28669420|28670195|CCCCAACCC|143|F1314	MuDR-N162_OS	97.203	143	3	1	10	152	1	142	4.09e-65	241
MITE_T_12096|chr06|28669420|28670195|CCCCAACCC|143|F1314	MuDR-N162_OS	93.706	143	7	2	626	766	616	758	8.92e-57	213
MITE_T_12101|chr05|16734581|16735088|GCTGTgat|11|F1315	TEOS1	90.295	474	30	7	9	479	475	15	2.27e-175	606
MITE_T_12104|chr12|24892729|24893234|AGTTC|31|F1316	MICROPON-LIKE-1B	99.746	393	1	0	77	469	1	393	0.0	721
MITE_T_12174|chr01|18410330|18410835|atatatatat|106|F1317	MICROPON-LIKE-1	93.622	392	25	0	58	449	2	393	2.95e-169	586
MITE_T_12188|chr05|21922336|21922841|AT|10|F1318	OSTE20	92.034	477	33	2	34	505	492	16	0.0	665
MITE_T_12188|chr05|21922336|21922841|AT|10|F1318	OSTE20	89.308	477	46	1	34	505	1	477	1.76e-171	593
MITE_T_12193|chr03|14677881|14678385|ctag|13|F1319	hAT-N14_OS	91.287	505	33	7	2	503	497	1	0.0	678
MITE_T_12201|chr11|4558541|4559043|GTCCTACA|36|F1320	TEOS1	93.018	487	20	3	9	494	2	475	0.0	699
MITE_T_12224|chr01|5277397|5277899|ATAt|81|F1321	TREP215	90.222	225	21	1	6	230	235	12	7.15e-81	292
MITE_T_12224|chr01|5277397|5277899|ATAt|81|F1321	TREP215	89.855	207	20	1	279	484	221	15	1.56e-72	265
