OLO24	Rice_1_155134	95.588	340	15	0	6	345	6	345	1.78e-157	545
OLO24	Rice_1_169628	78.710	310	55	5	25	331	315	14	1.91e-68	250
OLO24	Rice_3_3657	75.575	348	64	8	6	345	335	1	6.23e-62	228
OLO24	Rice_1_48605	75.740	338	63	7	5	339	6	327	2.18e-61	226
OLO24	Rice_1_158965	77.855	289	57	4	25	310	292	8	9.25e-60	221
OLO24	Rice_2_197316	72.043	279	69	5	36	310	295	22	8.67e-35	138
TREP220	Rice_3_106296	76.423	123	11	1	1	105	1	123	4.86e-25	104
TREP220	Rice_3_153994	80.556	108	18	1	1	105	11	118	2.07e-23	98.7
TREP220	Rice_3_153994	75.000	108	24	2	1	105	118	11	3.50e-14	68.0
TREP220	Rice_3_210247	76.923	117	15	2	1	105	1	117	3.07e-21	91.5
TREP220	Rice_3_210247	73.504	117	19	2	1	105	117	1	8.23e-16	73.4
TREP220	Rice_1_119894	79.048	105	19	1	1	105	102	1	1.07e-20	89.7
TREP220	Rice_1_23097	76.190	105	17	1	1	105	5	101	5.54e-18	80.6
TREP220	Rice_1_23097	71.963	107	18	3	1	105	101	5	2.21e-10	55.4
TREP220	Rice_1_19232	74.545	110	23	2	1	105	110	1	3.50e-14	68.0
TREP220	Rice_1_19232	70.909	110	27	2	1	105	1	110	9.39e-09	50.0
OLO24C	Rice_1_48605	90.141	355	13	5	2	355	1	334	6.42e-138	480
OLO24C	Rice_1_48605	90.566	318	15	4	38	355	631	329	8.36e-124	434
OLO24C	Rice_1_48605	72.843	313	73	6	2	311	334	31	6.45e-43	165
OLO24C	Rice_3_3657	89.607	356	17	5	3	354	340	1	3.33e-135	471
OLO24C	Rice_1_163640	90.461	304	19	3	51	354	38	331	7.83e-118	414
OLO24C	Rice_1_155134	69.620	316	84	6	41	354	307	2	6.89e-30	122
OSTE18	Rice_2_39461	90.323	124	11	1	4	126	124	1	6.18e-44	167
OSTE18	Rice_2_39461	88.710	124	13	1	4	126	1	124	3.20e-41	158
OSTE18	Rice_1_75149	86.667	120	7	1	9	128	111	1	1.66e-38	149
OSTE18	Rice_1_75149	84.874	119	9	1	3	121	2	111	3.00e-35	138
OSTE18	Rice_2_123428	77.419	124	6	1	4	127	1	102	1.19e-27	113
OSTE18	Rice_2_123428	77.419	124	6	1	3	126	102	1	1.19e-27	113
OSTE18	Rice_2_163128	74.074	108	1	2	4	111	1	81	5.79e-19	84.2
OSTE18	Rice_2_163128	74.074	108	1	2	19	126	81	1	5.79e-19	84.2
Mariner-N17_OS	Rice_2_77370	93.191	235	16	0	3	237	1	235	1.48e-99	352
Mariner-N17_OS	Rice_2_77370	78.661	239	43	3	3	237	235	1	2.51e-52	196
Mariner-N17_OS	Rice_2_198701	87.660	235	29	0	3	237	1	235	1.21e-81	293
Mariner-N17_OS	Rice_2_198701	75.732	239	50	3	3	237	235	1	1.48e-42	163
Mariner-N17_OS	Rice_1_108419	84.647	241	32	4	1	239	19	256	3.05e-70	255
Mariner-N17_OS	Rice_1_108419	74.380	242	55	2	1	239	256	19	7.67e-40	154
Mariner-N17_OS	Rice_2_1483	84.647	241	32	4	1	239	260	23	3.05e-70	255
Mariner-N17_OS	Rice_2_1483	74.380	242	55	2	1	239	23	260	7.67e-40	154
Mariner-N17_OS	Rice_2_109223	82.063	223	34	4	3	222	235	16	1.14e-56	210
Mariner-N17_OS	Rice_2_109223	72.845	232	39	8	18	237	16	235	1.58e-29	120
Mariner-N17_OS	Rice_2_96648	79.253	241	44	5	1	238	21	258	3.05e-51	192
Mariner-N17_OS	Rice_2_96648	72.112	251	44	9	2	239	258	21	1.58e-29	120
Mariner-N17_OS	Rice_2_530	78.512	242	46	5	1	239	91	329	4.53e-49	185
Mariner-N17_OS	Rice_2_530	71.600	250	49	8	1	239	329	91	6.73e-28	114
Mariner-N17_OS	Rice_3_128140	76.763	241	51	3	1	239	257	20	8.19e-46	174
Mariner-N17_OS	Rice_3_128140	72.000	250	47	8	1	239	20	257	1.58e-29	120
Mariner-N17_OS	Rice_3_210603	78.974	195	36	4	3	194	263	71	7.67e-40	154
Mariner-N17_OS	Rice_1_97783	78.283	198	37	5	1	195	257	63	1.14e-37	147
Mariner-N17_OS	Rice_3_14798	71.374	262	48	7	1	239	218	475	1.07e-31	127
MUDRN2_OS	Rice_3_188145	84.121	762	108	12	1	756	755	1	0.0	787
MUDRN2_OS	Rice_3_188145	83.922	765	104	13	1	756	1	755	0.0	783
MUDRN2_OS	Rice_3_103170	71.979	778	150	24	1	756	732	1	1.50e-105	374
MUDRN2_OS	Rice_3_103170	72.108	778	149	26	1	756	1	732	6.36e-104	369
MUDRN2_OS	Rice_1_118155	69.582	789	184	26	1	756	1	766	1.08e-75	275
MuDR-N31B_OS	Rice_3_87782	72.703	370	86	7	1	363	362	1	1.36e-51	194
MuDR-N31B_OS	Rice_3_87782	68.919	370	100	8	1	363	1	362	1.65e-31	127
MuDR-N31B_OS	Rice_2_191231	72.222	378	85	10	1	363	1	373	8.56e-48	181
MuDR-N31B_OS	Rice_2_166122	72.126	348	92	5	12	356	346	1	4.44e-45	172
MuDR-N31B_OS	Rice_2_166122	70.765	366	72	12	8	355	1	349	3.41e-40	156
DNA9-N4_OS	Rice_2_140847	99.585	241	0	1	17	256	1	241	9.31e-122	426
F770	Rice_3_208210	66.541	266	48	13	20	284	226	1	1.91e-10	57.2
F770	Rice_3_213758	65.812	234	42	13	52	284	197	1	1.79e-04	37.4
DNA9-76_OS	Rice_3_18955	87.273	110	11	3	9	116	110	2	1.79e-31	125
DNA9-76_OS	Rice_3_18955	85.455	110	15	1	7	115	1	110	6.25e-31	123
DNA9-76_OS	Rice_1_50350	80.734	109	9	1	8	116	1	97	1.38e-26	109
TYPEM	Rice_1_66833	93.833	227	6	2	1	227	1	219	2.07e-97	345
TYPEM	Rice_2_115009	92.070	227	10	2	1	227	15	233	5.56e-92	327
TYPEM	Rice_2_155322	90.308	227	11	2	1	227	2	217	4.28e-87	311
TYPEM	Rice_1_110826	92.093	215	9	2	1	215	176	382	1.49e-86	309
OLO24A	Rice_1_158965	87.681	276	27	5	1	273	280	9	1.94e-92	329
OLO24A	Rice_1_158965	74.820	278	59	7	1	273	9	280	4.90e-43	165
OLO24A	Rice_1_48605	86.957	276	27	5	1	273	630	361	2.89e-90	322
OLO24A	Rice_1_48605	86.594	276	28	5	1	273	31	300	1.23e-88	316
OLO24A	Rice_1_48605	74.460	278	58	7	1	273	361	630	5.96e-42	161
OLO24A	Rice_1_48605	73.741	278	60	7	1	273	300	31	3.09e-39	152
OLO24A	Rice_3_3657	86.957	276	26	5	1	273	305	37	2.89e-90	322
OLO24A	Rice_3_3657	74.820	278	56	7	1	273	37	305	1.40e-43	167
OLO24A	Rice_3_76	87.451	255	26	4	21	272	299	48	7.74e-85	304
OLO24A	Rice_3_76	74.797	246	50	6	2	243	48	285	3.76e-38	149
OLO24A	Rice_1_163640	87.402	254	27	4	21	271	43	294	9.43e-84	300
OLO24A	Rice_1_163640	74.286	245	52	6	3	243	294	57	5.59e-36	141
OLO24A	Rice_1_169628	87.719	228	25	3	48	273	258	32	3.76e-76	275
OLO24A	Rice_1_169628	73.820	233	51	6	1	229	32	258	1.23e-31	127
OLO24A	Rice_2_197316	83.032	277	39	6	1	273	23	295	5.58e-74	268
OLO24A	Rice_2_197316	80.866	277	45	6	1	273	295	23	7.75e-66	241
OLO24A	Rice_1_155134	84.649	228	30	3	48	271	81	307	6.36e-67	244
OLO24A	Rice_1_155134	76.000	225	49	5	9	229	304	81	4.58e-37	145
OLO24A	Rice_3_56539	79.377	257	49	4	18	271	330	75	1.31e-56	210
OLO24A	Rice_3_56539	78.431	255	49	6	9	259	78	330	1.23e-50	190
OLO24A	Rice_1_164013	77.043	257	55	4	18	271	143	398	1.82e-48	183
OLO24A	Rice_1_164013	76.078	255	55	6	9	259	395	143	1.71e-42	163
TESS	Rice_1_184166	96.311	244	8	1	1	244	243	1	1.41e-112	396
DNA9-N2B_OS	Rice_3_173133	72.165	388	55	8	15	358	2	380	8.15e-61	224
Harbinger-N10_OS	Rice_1_203101	96.708	243	8	0	1	243	243	1	9.48e-115	403
Harbinger-N10_OS	Rice_1_79461	87.685	203	20	4	42	243	200	2	6.84e-66	241
Harbinger-N10_OS	Rice_2_120213	86.256	211	23	5	35	243	34	240	1.01e-63	233
Harbinger-N10_OS	Rice_2_29743	81.281	203	29	6	42	243	44	238	2.39e-46	176
Harbinger-N90_OS	Rice_2_3926	92.655	177	3	1	1	177	167	1	1.21e-73	266
Harbinger-N90_OS	Rice_2_3926	70.166	181	36	4	1	177	1	167	2.86e-18	82.4
Harbinger-N90_OS	Rice_3_94794	85.222	203	4	1	1	177	1	203	9.33e-69	250
Harbinger-N90_OS	Rice_3_94794	66.990	206	36	4	1	177	203	1	1.22e-16	77.0
Harbinger-N90_OS	Rice_1_107099	85.946	185	17	2	1	177	184	1	1.92e-58	215
Harbinger-N90_OS	Rice_1_107099	67.553	188	46	5	1	177	1	184	3.98e-10	55.4
Harbinger-N90_OS	Rice_3_164268	88.028	142	15	2	37	177	74	214	2.06e-45	172
Harbinger-N90_OS	Rice_1_72444	72.581	186	33	3	5	172	193	8	2.06e-26	109
Harbinger-N90_OS	Rice_1_83062	70.667	150	36	5	32	177	146	1	1.14e-10	57.2
TOURIST-XI	Rice_3_208210	86.139	202	23	1	23	219	203	2	2.13e-65	239
TOURIST-XI	Rice_3_213758	72.558	215	46	4	12	214	220	7	1.75e-28	116
hAT-N31_OS	Rice_1_167884	96.686	513	12	5	1	513	508	1	0.0	830
hAT-N84_OS	Rice_1_99831	93.777	466	21	7	1	462	1	462	0.0	690
hAT-N84_OS	Rice_3_65123	81.075	465	75	7	5	458	463	1	5.69e-121	425
hAT-N84_OS	Rice_2_146983	67.478	452	116	17	14	452	14	447	2.00e-25	107
Harbinger-N7_OS	Rice_2_82899	99.599	499	1	1	1	499	498	1	0.0	888
CASLET	Rice_1_200152	92.373	354	27	0	1	354	1	354	8.87e-149	517
MuDR-N40_OS	Rice_3_189114	99.561	684	2	1	1	684	1	683	0.0	1216
DITTO	Rice_3_136683	96.581	234	8	0	11	244	277	44	7.32e-110	387
DITTO	Rice_1_95626	93.443	244	16	0	1	244	1	244	1.96e-104	369
DITTO	Rice_1_95626	93.697	238	15	0	1	238	487	250	2.92e-102	361
DITTO	Rice_2_175287	95.217	230	11	0	15	244	1	230	2.39e-103	365
DITTO	Rice_2_143578	92.373	236	18	0	1	236	200	435	2.24e-97	345
DITTO	Rice_3_84359	88.583	254	18	2	1	244	1	253	1.72e-92	329
Mariner-N3_OS	Rice_3_40221	97.817	229	4	1	1	229	228	1	6.83e-110	387
Mariner-N3_OS	Rice_2_178423	82.083	240	32	1	1	229	4	243	5.26e-67	244
Mariner-N3_OS	Rice_1_42673	66.920	263	49	5	1	229	259	1	6.02e-22	95.1
Harbinger-N3D_OS	Rice_3_6054	78.302	318	52	6	1	316	303	1	4.98e-69	251
Harbinger-N3D_OS	Rice_2_170036	77.987	318	44	8	1	316	294	1	2.12e-67	246
hAT-N14C_OS	Rice_1_17067	100.000	643	0	0	1	643	1	643	0.0	1160
STOLAB	Rice_1_137880	96.154	312	12	0	1	312	312	1	1.15e-146	509
STOLAB	Rice_1_75452	78.135	311	56	2	1	311	299	1	1.15e-70	257
STOLAB	Rice_1_10555	74.441	313	65	6	1	312	301	3	1.41e-50	190
DITTO3	Rice_3_84359	85.385	260	31	2	1	260	1	253	3.81e-82	295
DITTO3	Rice_1_95626	83.077	260	28	2	1	260	1	244	1.02e-76	277
DITTO3	Rice_1_95626	82.745	255	28	1	1	255	487	249	4.34e-75	271
DITTO3	Rice_2_143578	83.333	252	26	1	1	252	200	435	3.57e-76	275
DITTO3	Rice_2_175287	80.081	246	33	2	15	260	1	230	4.64e-62	228
DITTO3	Rice_3_136683	79.600	250	35	2	11	260	277	44	1.62e-61	226
hAT-N22B_OS	Rice_3_183139	97.561	205	1	2	3	206	206	5	2.27e-96	342
hAT-N22B_OS	Rice_1_165609	85.795	176	21	2	31	206	95	266	1.75e-53	199
Harbinger-N7B_OS	Rice_3_99608	100.000	530	0	0	1	530	6	535	0.0	957
STOWAWAY40_OS	Rice_1_143096	75.314	239	58	1	26	264	13	250	1.65e-42	163
STOWAWAY40_OS	Rice_1_39049	75.105	237	58	1	26	262	24	259	2.01e-41	159
STOWAWAY21_OS	Rice_1_182241	93.827	243	9	2	1	243	237	1	6.83e-104	367
STOWAWAY21_OS	Rice_1_182241	76.016	246	47	7	1	243	1	237	6.41e-41	158
STOWAWAY21_OS	Rice_1_97783	93.004	243	10	2	1	243	20	255	1.01e-101	360
STOWAWAY21_OS	Rice_1_97783	75.918	245	48	6	1	243	255	20	1.84e-41	159
STOWAWAY21_OS	Rice_3_210603	92.857	238	11	2	6	243	32	263	1.83e-98	349
STOWAWAY21_OS	Rice_3_210603	73.859	241	51	7	1	238	263	32	8.91e-33	131
STOWAWAY21_OS	Rice_3_43004	81.890	254	28	5	1	243	1	247	5.61e-67	244
STOWAWAY21_OS	Rice_3_43004	69.957	233	46	8	17	243	215	1	7.82e-21	91.5
STOWAWAY21_OS	Rice_2_49763	80.569	211	40	1	1	211	1	210	3.11e-51	192
STOWAWAY21_OS	Rice_2_8414	68.000	250	60	10	1	243	237	1	1.09e-12	64.4
DITTO-2	Rice_3_132434	85.656	244	25	2	1	235	243	1	2.15e-78	282
DITTO-2	Rice_1_54462	76.142	197	36	4	49	235	196	1	2.02e-34	136
hAT-N22_OS	Rice_1_165609	98.491	265	1	3	1	263	3	266	7.93e-129	450
NDNA1TNA_OS	Rice_1_164013	99.701	334	1	0	1	334	436	103	3.10e-173	598
NDNA1TNA_OS	Rice_3_56539	96.386	332	12	0	3	334	39	370	1.72e-157	545
NDNA1TNA_OS	Rice_2_197316	85.489	317	32	3	15	320	314	1	1.16e-102	363
NDNA1TNA_OS	Rice_2_197316	75.079	317	63	5	15	319	4	316	5.64e-56	208
NDNA1TNA_OS	Rice_1_48605	72.260	292	72	5	1	290	333	49	1.62e-37	147
NDNA1TNA_OS	Rice_1_48605	71.972	289	71	6	4	290	332	612	8.38e-35	138
NDNA1TNA_OS	Rice_1_48605	69.286	280	73	5	1	278	2	270	1.42e-25	107
NDNA1TNA_OS	Rice_3_3657	72.109	294	71	6	1	290	1	287	1.97e-36	143
NDNA1TNA_OS	Rice_3_3657	71.277	282	69	6	1	278	340	67	1.52e-31	127
hAT-N41_OS	Rice_1_198898	98.011	754	4	2	1	754	1	743	0.0	1294
CASGRANDA	Rice_1_163913	97.228	469	8	3	1	465	470	3	0.0	778
CASGRANDA	Rice_2_154971	79.318	469	54	8	1	465	430	1	3.62e-117	412
STOWAWAY25_OS	Rice_1_16774	89.286	84	7	2	22	103	213	296	4.75e-25	104
STOWAWAY25_OS	Rice_1_16774	84.524	84	11	2	22	103	230	147	1.27e-19	86.0
STOWAWAY25_OS	Rice_2_154156	84.524	84	11	2	22	103	84	1	1.27e-19	86.0
STOWAWAY25_OS	Rice_1_100363	80.189	106	18	3	1	103	106	1	1.27e-19	86.0
STOWAWAY25_OS	Rice_1_100363	73.585	106	25	3	1	103	1	106	2.16e-10	55.4
STOWAWAY25_OS	Rice_2_70962	80.952	84	14	2	22	103	90	7	8.04e-16	73.4
STOWAWAY25_OS	Rice_1_75793	74.074	108	22	5	1	103	1	107	2.63e-09	51.8
STOWAWAY25_OS	Rice_1_75793	74.074	108	22	5	1	103	107	1	2.63e-09	51.8
hAT-N11_OS	Rice_2_82268	85.149	606	68	8	1	601	1	589	0.0	672
hAT-N11_OS	Rice_3_161525	75.000	608	96	19	1	601	1	559	3.40e-106	376
hAT-N14_OS	Rice_1_206944	95.775	497	7	3	1	497	1	483	0.0	801
hAT-N14_OS	Rice_3_179688	75.231	541	67	15	1	497	518	1	5.05e-103	365
MuDR-N280_OS	Rice_2_7609	85.734	715	72	7	1	692	1	708	0.0	825
CLOUD	Rice_1_189481	95.430	744	24	4	1	734	1	744	0.0	1180
CLOUD	Rice_1_189481	81.654	774	72	9	1	734	744	1	0.0	778
Mudr5-N1_OS	Rice_1_96882	77.491	542	87	13	5	525	1	528	1.44e-116	410
Harbinger-N3C_OS	Rice_2_170036	99.660	294	1	0	1	294	294	1	1.41e-151	526
Harbinger-N3C_OS	Rice_3_6054	80.000	305	48	4	1	294	303	1	1.73e-74	269
STOWAWAY27_OS	Rice_1_10213	79.762	84	9	5	1	77	130	48	4.25e-12	60.8
hAT-N55_OS	Rice_3_117511	99.319	587	2	1	1	585	1	587	0.0	1038
STOWAWAY41_OS	Rice_1_104945	91.538	260	19	2	3	262	1	257	9.09e-103	363
STOWAWAY41_OS	Rice_1_104945	85.057	261	34	4	3	262	257	1	2.44e-78	282
STOWAWAY41_OS	Rice_1_146196	89.177	231	21	3	18	248	1	227	3.87e-82	295
STOWAWAY41_OS	Rice_1_146196	81.545	233	35	6	17	247	227	1	1.54e-55	206
STOWAWAY41_OS	Rice_2_93513	83.846	260	39	2	3	262	257	1	1.26e-75	273
STOWAWAY41_OS	Rice_2_93513	77.820	266	44	7	3	262	1	257	2.79e-52	196
STOWAWAY41_OS	Rice_2_37224	80.297	269	39	6	1	262	266	5	3.87e-63	232
STOWAWAY41_OS	Rice_2_37224	72.993	274	50	9	3	264	5	266	5.39e-36	141
STOWAWAY41_OS	Rice_2_125090	82.648	219	35	2	24	242	216	1	8.53e-59	217
STOWAWAY41_OS	Rice_2_125090	76.000	225	39	8	23	241	1	216	1.88e-35	140
CLOUD-2	Rice_2_116745	85.914	717	60	8	1	711	1	682	0.0	839
Harbinger-N3B_OS	Rice_3_6054	70.093	321	73	11	1	316	303	1	7.40e-29	118
Harbinger-N3B_OS	Rice_2_170036	68.454	317	76	6	1	316	294	1	2.58e-28	116
MuDR-N10_OS	Rice_2_160965	97.736	530	12	0	1	530	530	1	0.0	904
ID-3	Rice_1_182428	71.186	236	46	6	1	234	272	57	2.88e-27	113
ID-3	Rice_3_155202	69.531	256	44	7	2	235	1	244	3.51e-26	109
ZM13-1_OS	Rice_1_140090	96.403	139	5	0	1	139	2	140	2.35e-62	228
ZM13-1_OS	Rice_1_140090	73.571	140	35	2	1	139	140	2	2.68e-17	78.8
ZM13-1_OS	Rice_1_27808	73.381	139	7	3	1	139	1	109	2.86e-23	98.7
hAT-N3_OS	Rice_1_57903	96.501	686	16	3	1	686	678	1	0.0	1122
NDNA2TNA_OS	Rice_2_197316	88.679	318	32	2	15	332	317	4	1.13e-115	407
NDNA2TNA_OS	Rice_2_197316	78.616	318	62	4	16	332	2	314	4.50e-70	255
NDNA2TNA_OS	Rice_3_56539	75.516	339	65	7	6	341	365	42	2.66e-60	223
NDNA2TNA_OS	Rice_1_164013	73.700	327	72	5	16	341	118	431	4.50e-51	192
NDNA2TNA_OS	Rice_3_3657	78.457	311	55	7	34	341	34	335	3.46e-65	239
NDNA2TNA_OS	Rice_3_3657	72.542	295	64	9	37	326	305	23	7.14e-36	141
NDNA2TNA_OS	Rice_1_48605	77.419	310	57	6	34	342	303	6	6.25e-62	228
NDNA2TNA_OS	Rice_1_48605	78.777	278	53	4	34	310	358	630	2.66e-60	223
NDNA2TNA_OS	Rice_1_48605	71.521	309	72	9	37	341	630	334	1.06e-33	134
NDNA2TNA_OS	Rice_1_48605	71.525	295	68	10	37	326	31	314	1.92e-30	123
NDNA2TNA_OS	Rice_1_158965	79.137	278	54	4	34	310	6	280	2.18e-61	226
NDNA2TNA_OS	Rice_1_158965	73.404	282	63	9	37	313	280	6	7.14e-36	141
TNR2A	Rice_2_55742	90.210	143	7	3	6	147	1	137	2.25e-50	188
TNR2A	Rice_2_55742	81.379	145	16	6	6	147	137	1	7.88e-31	123
hAT-N109_OS	Rice_3_65123	73.605	466	111	6	5	465	463	5	2.84e-74	269
hAT-N109_OS	Rice_1_99831	72.765	481	104	12	1	473	1	462	9.27e-68	248
Harbinger-N4_OS	Rice_3_184370	100.000	406	0	0	1	406	1	406	0.0	733
Harbinger-N4_OS	Rice_3_44790	78.780	410	77	6	1	406	404	1	2.94e-92	329
MuDR-N11_OS	Rice_1_113877	98.927	466	4	1	1	466	465	1	0.0	814
MuDR-N11_OS	Rice_1_113877	80.672	476	71	7	1	466	1	465	3.87e-123	432
FOCUS	Rice_3_116479	72.835	254	57	8	6	252	250	2	4.90e-30	122
FOCUS	Rice_3_34442	71.374	262	67	8	1	257	2	260	3.77e-25	105
hAT-N90_OS	Rice_3_65123	83.778	487	54	6	5	490	463	1	3.60e-149	518
hAT-N90_OS	Rice_1_99831	72.636	497	94	14	3	494	3	462	5.36e-71	259
hAT-N5_OS	Rice_3_117878	99.479	192	0	1	1	191	192	1	2.55e-95	338
UNIQUE	Rice_2_199025	88.608	158	7	2	1	158	1	147	3.06e-55	205
UNIQUE	Rice_3_118715	84.810	158	13	2	1	158	156	10	4.26e-47	178
UNIQUE	Rice_2_39066	72.222	162	26	6	1	158	17	163	8.79e-18	80.6
UNIQUE	Rice_2_130671	72.222	162	26	6	1	158	4	150	8.79e-18	80.6
UNIQUE	Rice_2_130671	74.615	130	21	4	30	158	269	151	3.07e-17	78.8
UNIQUE	Rice_1_85598	71.975	157	25	6	3	155	94	235	3.74e-16	75.2
UNIQUE	Rice_3_102826	73.846	130	22	4	30	158	28	146	3.74e-16	75.2
UNIQUE	Rice_3_98191	72.308	130	21	6	30	158	118	3	2.87e-11	59.0
UNIQUE	Rice_3_98191	69.231	130	21	5	29	158	163	273	1.49e-08	50.0
STOWAWAY44_OS	Rice_3_23121	95.339	236	8	3	3	238	233	1	6.74e-104	367
STOWAWAY44_OS	Rice_3_23121	75.833	240	47	5	3	238	1	233	5.19e-42	161
STOWAWAY44_OS	Rice_2_8414	87.815	238	26	3	3	238	1	237	1.48e-80	289
STOWAWAY44_OS	Rice_2_8414	70.000	250	48	8	3	238	237	1	1.22e-24	104
STOWAWAY44_OS	Rice_3_168446	83.402	241	37	3	1	240	34	272	1.59e-67	246
STOWAWAY44_OS	Rice_3_168446	68.980	245	65	7	1	240	272	34	1.39e-17	80.6
STOWAWAY44_OS	Rice_2_170515	82.917	240	38	3	2	240	269	32	2.35e-65	239
STOWAWAY44_OS	Rice_1_193661	82.716	243	37	4	1	240	37	277	8.22e-65	237
STOWAWAY44_OS	Rice_2_49763	69.038	239	69	5	3	238	237	1	3.99e-18	82.4
STOWAWAY44_OS	Rice_1_97783	70.120	251	53	12	1	240	257	18	3.99e-18	82.4
STOWAWAY44_OS	Rice_1_182241	69.758	248	52	13	3	238	1	237	2.07e-15	73.4
STOWAWAY44_OS	Rice_2_530	67.876	193	57	5	1	191	91	280	1.94e-09	53.6
STOWAWAY44_OS	Rice_2_530	67.876	193	57	5	50	240	140	329	1.94e-09	53.6
STOWAWAY44_OS	Rice_3_210603	68.203	217	50	11	3	209	263	56	2.36e-08	50.0
Harbinger-N57_OS	Rice_3_62218	99.772	438	0	1	1	438	1	437	0.0	782
STOWAWAY15_OS	Rice_2_110613	82.313	147	22	3	1	145	1	145	3.39e-35	138
STOWAWAY15_OS	Rice_2_110613	81.633	147	23	3	1	145	145	1	4.13e-34	134
STOWAWAY15_OS	Rice_1_16774	78.767	146	28	2	1	145	1	144	3.17e-29	118
STOWAWAY15_OS	Rice_1_16774	78.767	146	28	2	1	145	144	1	3.17e-29	118
STOWAWAY15_OS	Rice_2_68803	76.027	146	32	2	1	145	1	144	8.52e-24	100
STOWAWAY15_OS	Rice_2_68803	74.830	147	32	4	1	145	144	1	1.88e-19	86.0
STOWAWAY15_OS	Rice_1_27531	74.150	147	33	4	1	145	1	144	7.98e-18	80.6
STOWAWAY15_OS	Rice_1_27531	74.150	147	33	4	1	145	144	1	7.98e-18	80.6
STOWAWAY15_OS	Rice_3_106296	67.123	146	24	4	1	145	123	1	3.87e-09	51.8
STOWAWAY15_OS	Rice_2_190254	69.595	148	39	5	1	145	145	1	4.71e-08	48.2
STOWAWAY15_OS	Rice_2_190254	67.568	148	42	5	1	145	1	145	0.001	33.7
STOWAWAY14_OS	Rice_1_42673	97.266	256	7	0	3	258	256	1	7.27e-123	430
STOWAWAY14_OS	Rice_2_178423	69.650	257	57	2	3	258	7	243	4.92e-30	122
STOWAWAY14_OS	Rice_3_40221	66.154	260	49	6	3	258	225	1	1.51e-17	80.6
OLO24B	Rice_1_158965	92.542	295	15	6	22	309	295	1	2.56e-117	412
OLO24B	Rice_1_158965	73.010	289	63	8	37	315	9	292	1.62e-37	147
OLO24B	Rice_3_3657	89.590	317	22	8	6	315	335	23	5.64e-113	398
OLO24B	Rice_3_3657	72.664	289	61	9	37	315	37	317	6.90e-36	141
OLO24B	Rice_1_48605	87.798	336	26	10	6	334	657	330	8.38e-111	390
OLO24B	Rice_1_48605	87.500	320	27	9	18	330	15	328	2.74e-104	369
OLO24B	Rice_1_169628	84.821	336	38	7	6	330	334	1	1.73e-100	356
OLO24B	Rice_1_163640	82.687	335	34	11	6	330	6	326	5.29e-88	315
OLO24B	Rice_2_197316	74.825	286	64	7	37	314	23	308	1.73e-43	167
OLO24B	Rice_2_197316	74.138	290	59	10	37	314	295	10	1.09e-39	154
STOWAWAY30-2_OS	Rice_2_89676	78.049	123	24	1	1	120	123	1	2.42e-23	98.7
STOWAWAY30-2_OS	Rice_2_89676	75.200	125	24	3	1	120	1	123	2.26e-17	78.8
STOWAWAY30-2_OS	Rice_2_178096	71.901	121	30	4	1	120	118	1	3.15e-09	51.8
TNR1	Rice_2_96648	91.632	239	14	4	1	237	23	257	1.67e-92	329
TNR1	Rice_2_96648	75.309	243	46	12	1	237	257	23	1.06e-31	127
TNR1	Rice_2_530	87.866	239	23	4	1	237	93	327	5.11e-80	288
TNR1	Rice_2_530	75.207	242	48	11	1	237	327	93	1.06e-31	127
TNR1	Rice_3_128140	84.519	239	30	5	1	237	255	22	4.48e-68	248
TNR1	Rice_3_128140	73.444	241	53	10	1	237	22	255	8.12e-27	111
TNR1	Rice_3_14798	78.455	246	26	7	1	224	220	460	7.11e-53	197
TNR1	Rice_2_198701	77.253	233	45	6	1	230	1	228	5.12e-42	161
TNR1	Rice_2_198701	69.874	239	58	7	5	237	231	1	9.27e-20	87.8
TNR1	Rice_1_108419	75.527	237	47	9	5	237	25	254	2.04e-34	136
TNR1	Rice_1_108419	69.748	238	53	9	1	230	254	28	3.94e-18	82.4
TNR1	Rice_2_1483	75.641	234	46	9	1	230	258	32	7.12e-34	134
TNR1	Rice_2_1483	69.710	241	54	9	5	237	29	258	3.94e-18	82.4
TNR1	Rice_2_77370	73.109	238	52	8	5	237	5	235	1.91e-28	116
TNR1	Rice_2_109223	72.414	232	54	7	1	228	235	10	9.90e-26	107
TNR1	Rice_2_109223	68.050	241	59	9	5	237	5	235	1.06e-12	64.4
TNR1	Rice_2_49763	72.512	211	45	10	5	208	233	29	3.23e-19	86.0
STOWAWAY1_OS	Rice_2_70962	96.667	150	4	1	1	149	7	156	3.27e-67	244
STOWAWAY1_OS	Rice_2_70962	96.667	150	4	1	1	149	156	7	3.27e-67	244
STOWAWAY1_OS	Rice_1_16774	92.000	150	11	1	1	149	147	296	5.53e-58	214
STOWAWAY1_OS	Rice_1_16774	90.667	150	13	1	1	149	296	147	2.87e-55	205
STOWAWAY1_OS	Rice_2_154156	83.333	150	24	1	1	149	1	150	4.55e-40	154
STOWAWAY1_OS	Rice_2_154156	81.333	150	27	1	1	149	150	1	2.87e-36	141
STOWAWAY1_OS	Rice_1_29310	80.667	150	1	3	1	149	1	123	1.59e-39	152
STOWAWAY1_OS	Rice_1_29310	79.195	149	5	1	1	149	123	1	1.93e-38	149
STOWAWAY1_OS	Rice_3_180876	79.470	151	27	2	1	149	1	149	6.32e-32	127
STOWAWAY1_OS	Rice_3_180876	77.632	152	28	4	1	149	149	1	1.70e-26	109
STOWAWAY1_OS	Rice_1_10213	76.510	149	16	1	1	149	1	130	7.70e-31	123
STOWAWAY1_OS	Rice_1_10213	76.510	149	16	2	1	149	130	1	9.38e-30	120
STOWAWAY1_OS	Rice_1_75793	69.799	149	3	1	1	149	1	107	8.79e-24	100
STOWAWAY1_OS	Rice_1_75793	69.799	149	3	1	1	149	107	1	8.79e-24	100
hAT-N32_OS	Rice_3_126186	83.589	457	30	15	1	449	1	420	2.68e-131	459
hAT-N32_OS	Rice_2_126559	77.874	461	88	9	1	449	1	459	1.48e-96	343
MuDR-N263_OS	Rice_1_14981	96.607	560	7	3	13	572	1	548	0.0	922
TYPEU	Rice_3_146846	95.652	322	13	1	10	331	321	1	3.17e-148	515
TYPEU	Rice_3_146846	83.951	324	47	4	11	332	1	321	1.76e-94	336
TYPEU	Rice_1_58850	80.814	344	61	4	1	343	10	349	2.44e-86	309
TYPEU	Rice_1_58850	80.000	345	62	4	1	343	347	8	1.27e-83	300
TYPEU	Rice_2_63415	77.259	343	76	1	1	343	343	3	9.11e-73	264
TYPEU	Rice_2_63415	77.391	345	72	5	1	343	5	345	1.65e-69	253
TYPEU	Rice_3_183345	79.538	303	42	7	24	325	2	285	1.65e-69	253
TYPEU	Rice_3_183345	79.276	304	41	7	17	318	285	2	1.65e-69	253
TYPEU	Rice_3_112005	75.309	324	75	3	1	322	346	26	4.14e-58	215
TYPEU	Rice_3_112005	74.769	325	79	3	20	343	26	348	2.14e-55	206
STOWAWAY45_OS	Rice_1_143096	69.547	243	67	4	26	266	13	250	2.03e-22	96.9
STOWAWAY49_OS	Rice_1_93968	90.909	242	18	4	1	239	241	1	7.23e-91	324
STOWAWAY49_OS	Rice_2_30967	83.750	240	36	3	3	239	1	240	1.59e-67	246
STOWAWAY49_OS	Rice_1_119546	82.988	241	36	5	3	239	1	240	3.51e-63	232
F569	Rice_1_131659	96.070	229	8	1	1	228	1	229	1.83e-104	369
F569	Rice_2_183210	96.059	203	7	1	1	202	203	1	5.59e-92	327
EXPLORER1	Rice_3_198406	81.564	179	31	1	41	217	40	218	2.63e-45	172
EXPLORER1	Rice_2_94810	77.473	182	36	3	41	219	41	220	6.60e-34	134
Harbinger-N35_OS	Rice_2_135968	95.131	267	10	2	1	267	4	267	4.76e-119	417
TELIA	Rice_2_142727	95.035	141	7	0	1	141	1	141	1.01e-60	223
hAT-N5B_OS	Rice_1_98453	99.574	235	0	1	1	235	1	234	1.45e-118	416
STOWAWAY50_OS	Rice_2_154156	76.471	170	20	2	1	170	1	150	1.42e-34	136
STOWAWAY50_OS	Rice_2_154156	76.471	170	20	2	1	170	150	1	1.42e-34	136
STOWAWAY50_OS	Rice_1_16774	75.882	170	21	2	1	170	147	296	6.02e-33	131
STOWAWAY50_OS	Rice_1_16774	75.882	170	21	2	1	170	296	147	6.02e-33	131
STOWAWAY50_OS	Rice_1_10213	71.176	170	9	2	1	170	1	130	1.62e-27	113
STOWAWAY50_OS	Rice_1_10213	69.412	170	12	1	1	170	130	1	8.37e-25	104
STOWAWAY50_OS	Rice_2_70962	71.765	170	28	2	1	170	7	156	1.02e-23	100
STOWAWAY50_OS	Rice_2_70962	71.765	170	28	2	1	170	156	7	1.02e-23	100
STOWAWAY50_OS	Rice_3_180876	68.824	170	32	1	1	170	1	149	2.74e-18	82.4
STOWAWAY50_OS	Rice_3_180876	68.235	170	33	2	1	170	149	1	1.42e-15	73.4
OSTE28	Rice_3_125006	96.980	298	1	2	1	298	1	290	2.41e-142	495
OSTE28	Rice_3_125006	96.980	298	1	2	1	298	290	1	2.41e-142	495
hAT-N6_OS	Rice_2_19117	92.823	209	5	2	31	239	9	207	1.58e-86	309
TAMI2	Rice_3_1603	98.047	256	3	2	1	254	256	1	2.05e-123	432
TAMI2	Rice_3_1603	93.511	262	3	5	1	254	1	256	7.64e-110	387
MuDR-N257_OS	Rice_1_134944	97.122	139	1	1	7	145	136	1	2.00e-63	232
MuDR-N257_OS	Rice_1_134944	97.122	139	1	1	7	145	7	142	2.00e-63	232
F1275	Rice_1_35264	81.818	154	26	1	1	152	2	155	2.05e-38	149
F1275	Rice_3_194209	78.571	154	31	1	1	152	1	154	6.71e-32	127
F1275	Rice_3_92447	80.000	130	24	1	16	143	1	130	4.23e-28	114
F1275	Rice_2_44898	76.923	130	28	1	16	143	1	130	1.14e-22	96.9
MuDR-N115_OS	Rice_3_128033	98.956	383	3	1	11	393	1	382	0.0	670
COWARD-3	Rice_3_94794	85.135	222	13	4	1	221	1	203	3.41e-69	251
COWARD-3	Rice_1_83062	81.739	230	28	7	1	221	1	225	1.27e-55	206
COWARD-3	Rice_1_198898	79.812	213	21	6	6	216	440	632	1.45e-48	183
COWARD-3	Rice_3_164268	78.222	225	33	7	1	221	2	214	3.20e-44	168
COWARD-3	Rice_1_72444	76.168	214	21	7	5	216	193	8	2.46e-39	152
hAT-N13_OS	Rice_1_138847	97.059	306	8	1	1	306	305	1	3.93e-146	508
hAT-N13_OS	Rice_3_176123	83.607	305	7	2	2	306	1	262	5.48e-100	354
TREP215	Rice_2_530	98.298	235	4	0	1	235	93	327	7.51e-116	407
TREP215	Rice_2_530	80.672	238	40	6	1	235	327	93	5.79e-54	201
TREP215	Rice_2_96648	94.043	235	14	0	1	235	23	257	2.80e-102	361
TREP215	Rice_2_96648	77.311	238	48	6	1	235	257	23	4.17e-43	165
TREP215	Rice_3_128140	89.362	235	24	1	1	235	255	22	5.41e-86	307
TREP215	Rice_3_128140	73.840	237	57	5	1	235	22	255	8.59e-33	131
TREP215	Rice_3_14798	81.961	255	25	2	1	235	220	473	2.02e-72	262
TREP215	Rice_3_14798	71.595	257	48	9	1	235	473	220	1.89e-28	116
TREP215	Rice_2_77370	78.059	237	48	4	1	235	1	235	1.89e-47	179
TREP215	Rice_2_77370	68.831	231	50	7	1	220	235	16	1.36e-17	80.6
TREP215	Rice_2_109223	77.119	236	52	2	1	235	235	1	2.30e-46	176
TREP215	Rice_2_109223	67.755	245	59	6	1	235	1	235	1.66e-16	77.0
TREP215	Rice_2_198701	77.727	220	49	0	1	220	1	220	2.30e-46	176
TREP215	Rice_2_198701	68.103	232	50	5	16	235	220	1	1.12e-18	84.2
TREP215	Rice_1_108419	79.167	216	40	5	22	235	42	254	3.42e-44	168
TREP215	Rice_1_108419	70.000	220	53	4	1	214	254	42	2.16e-21	93.3
TREP215	Rice_2_1483	79.167	216	40	5	1	214	258	46	3.42e-44	168
TREP215	Rice_2_1483	70.000	220	53	4	22	235	46	258	2.16e-21	93.3
TREP215	Rice_2_49763	74.747	198	37	9	45	235	192	1	1.19e-24	104
ZM13-2_OS	Rice_3_212386	92.784	97	7	0	11	107	98	2	5.73e-37	143
ZM13-2_OS	Rice_1_140090	79.630	108	11	1	11	107	32	139	1.75e-24	102
ZM13-2_OS	Rice_1_140090	75.229	109	14	4	11	107	110	3	1.04e-14	69.8
ZM13-2_OS	Rice_1_27808	78.409	88	10	1	18	105	82	4	6.98e-17	77.0
Harbinger-N1_OS	Rice_2_139760	97.585	207	5	0	31	237	1	207	5.41e-99	351
Harbinger-N1_OS	Rice_3_907	90.164	244	18	1	7	250	238	1	1.45e-93	333
MuDR-N74B_OS	Rice_3_212861	86.462	554	64	8	1	551	546	1	0.0	636
CLOUD-6	Rice_2_136607	97.441	508	12	1	1	508	1	507	0.0	854
CLOUD-6	Rice_2_136607	76.550	516	104	13	1	508	507	1	5.89e-96	342
CLOUD-6	Rice_1_120306	81.264	459	45	7	26	484	1	418	1.92e-127	446
CLOUD-6	Rice_1_120306	73.753	461	76	8	25	483	418	1	9.34e-81	291
CLOUD-6	Rice_2_189500	76.616	526	84	7	1	508	1	505	8.74e-113	398
CLOUD-6	Rice_2_189500	75.432	521	99	8	1	508	505	1	3.26e-99	352
TYPEU1	Rice_2_63415	97.159	352	9	1	13	364	351	1	6.43e-170	587
TYPEU1	Rice_2_63415	91.218	353	24	3	17	366	1	349	1.33e-140	489
TYPEU1	Rice_1_58850	83.102	361	59	2	12	372	1	359	3.13e-104	369
TYPEU1	Rice_1_58850	81.593	364	59	4	9	369	359	1	1.25e-96	343
TYPEU1	Rice_3_146846	81.308	321	58	2	31	350	320	1	3.81e-84	302
TYPEU1	Rice_3_146846	80.186	323	58	5	31	350	1	320	1.52e-76	277
TYPEU1	Rice_3_112005	79.722	360	65	6	10	366	356	2	1.33e-83	300
TYPEU1	Rice_3_112005	79.718	355	63	6	15	365	2	351	1.62e-82	297
TYPEU1	Rice_3_183345	78.095	315	52	4	44	358	2	299	4.97e-70	255
TYPEU1	Rice_3_183345	76.730	318	51	8	23	337	299	2	8.41e-61	224
STOWAWAY2_OS	Rice_2_198701	83.200	250	27	7	1	250	235	1	1.66e-67	246
STOWAWAY2_OS	Rice_2_198701	73.228	254	45	9	1	250	1	235	7.54e-34	134
STOWAWAY2_OS	Rice_1_108419	82.000	250	29	7	1	250	254	21	1.05e-63	233
STOWAWAY2_OS	Rice_1_108419	70.611	262	37	10	1	250	21	254	5.80e-29	118
STOWAWAY2_OS	Rice_2_1483	82.000	250	29	7	1	250	25	258	1.05e-63	233
STOWAWAY2_OS	Rice_2_1483	70.611	262	37	10	1	250	258	25	5.80e-29	118
STOWAWAY2_OS	Rice_2_77370	82.000	250	30	7	1	250	235	1	3.65e-63	232
STOWAWAY2_OS	Rice_2_77370	71.825	252	52	10	1	250	1	235	3.00e-26	109
STOWAWAY2_OS	Rice_2_96648	81.746	252	27	9	1	250	257	23	1.55e-61	226
STOWAWAY2_OS	Rice_2_96648	71.705	258	42	9	1	250	23	257	3.91e-31	125
STOWAWAY2_OS	Rice_2_530	81.349	252	28	9	1	250	327	93	6.60e-60	221
STOWAWAY2_OS	Rice_2_530	70.930	258	44	9	1	250	93	327	2.02e-28	116
STOWAWAY2_OS	Rice_3_128140	79.283	251	34	8	1	250	22	255	6.19e-54	201
STOWAWAY2_OS	Rice_3_128140	69.650	257	48	9	1	250	255	22	1.56e-23	100
STOWAWAY2_OS	Rice_2_109223	78.879	232	38	6	19	250	15	235	1.66e-48	183
STOWAWAY2_OS	Rice_2_109223	70.513	234	54	8	19	250	221	1	8.06e-21	91.5
STOWAWAY2_OS	Rice_3_14798	74.444	270	33	12	1	250	473	220	2.31e-40	156
STOWAWAY2_OS	Rice_3_14798	65.926	270	56	11	1	250	220	473	1.66e-10	57.2
hAT-N14B_OS	Rice_3_179688	95.733	539	2	3	1	539	518	1	0.0	874
hAT-N14B_OS	Rice_1_206944	76.895	541	65	15	1	539	1	483	2.66e-113	399
STOWAWAY26_OS	Rice_3_106296	71.875	128	17	4	1	114	1	123	3.86e-14	68.0
STOWAWAY26_OS	Rice_3_106296	70.312	128	19	7	1	114	123	1	1.26e-07	46.4
STOWAWAY26_OS	Rice_1_119894	72.807	114	19	4	1	114	102	1	2.00e-11	59.0
STOWAWAY26_OS	Rice_1_23097	71.053	114	16	4	1	114	5	101	2.43e-10	55.4
STOWAWAY12_OS	Rice_3_127171	97.436	312	8	0	1	312	312	1	4.29e-152	527
STOWAWAY12_OS	Rice_3_178424	95.833	312	13	0	1	312	505	194	4.89e-145	504
MuDR-N175_OS	Rice_3_34027	73.804	397	82	10	11	402	1	380	9.16e-61	224
AMYLTP	Rice_2_754	75.890	365	74	6	15	378	352	1	7.43e-68	248
AMYLTP	Rice_2_754	75.549	364	73	7	8	369	3	352	3.85e-65	239
hAT-N2C_OS	Rice_2_24383	98.195	554	5	2	3	556	549	1	0.0	949
hAT-N15_OS	Rice_1_79141	97.260	730	4	2	1	730	1	714	0.0	1232
STOWAWAY28_OS	Rice_1_186122	85.646	209	28	2	1	207	257	49	2.53e-64	235
STOWAWAY28_OS	Rice_3_106079	83.333	192	30	2	1	190	458	267	2.22e-52	196
OSTE19	Rice_3_165218	82.353	153	23	3	5	156	150	1	2.48e-37	145
OSTE19	Rice_3_165218	78.431	153	29	3	5	156	5	154	3.45e-29	118
STOWAWAY9_OS	Rice_2_170515	97.447	235	6	0	1	235	34	268	3.89e-113	398
STOWAWAY9_OS	Rice_2_170515	70.661	242	57	8	1	235	268	34	2.16e-21	93.3
STOWAWAY9_OS	Rice_1_193661	96.203	237	7	1	1	235	275	39	2.45e-109	385
STOWAWAY9_OS	Rice_3_168446	96.170	235	9	0	1	235	270	36	8.56e-109	383
STOWAWAY9_OS	Rice_3_168446	71.488	242	55	8	1	235	36	270	4.17e-24	102
STOWAWAY9_OS	Rice_2_91609	92.373	236	16	2	1	235	240	6	3.19e-95	338
STOWAWAY9_OS	Rice_2_8414	86.134	238	29	4	1	235	237	1	1.66e-73	266
STOWAWAY9_OS	Rice_3_23121	83.475	236	35	4	1	235	1	233	2.80e-64	235
STOWAWAY9_OS	Rice_1_97783	68.020	197	55	6	43	235	63	255	6.61e-09	51.8
STOWAWAY9_OS	Rice_1_182241	66.116	242	70	7	1	235	237	1	2.81e-07	46.4
STOWAWAY9_OS	Rice_2_530	66.667	198	48	9	47	235	281	93	5.08e-04	35.6
EXPLORER	Rice_1_191004	93.839	211	8	2	1	210	209	3	2.65e-89	318
EXPLORER	Rice_2_94810	76.410	195	39	5	2	192	221	30	2.65e-32	129
DNA9-N2_OS	Rice_3_173133	93.233	399	8	1	14	412	1	380	6.31e-177	610
STOWAWAY47_OS	Rice_1_27531	90.278	144	14	0	1	144	1	144	4.14e-53	197
STOWAWAY47_OS	Rice_1_27531	90.278	144	14	0	1	144	144	1	4.14e-53	197
STOWAWAY47_OS	Rice_1_16774	89.583	144	15	0	1	144	1	144	1.76e-51	192
STOWAWAY47_OS	Rice_1_16774	89.583	144	15	0	1	144	144	1	1.76e-51	192
STOWAWAY47_OS	Rice_2_68803	86.111	144	20	0	1	144	1	144	5.75e-45	170
STOWAWAY47_OS	Rice_2_68803	86.111	144	20	0	1	144	144	1	5.75e-45	170
STOWAWAY47_OS	Rice_2_110613	86.207	145	19	1	1	144	145	1	2.01e-44	168
STOWAWAY47_OS	Rice_2_110613	85.517	145	20	1	1	144	1	145	8.53e-43	163
STOWAWAY47_OS	Rice_2_190254	85.714	147	16	5	1	144	1	145	1.54e-39	152
STOWAWAY47_OS	Rice_2_190254	85.714	147	16	5	1	144	145	1	1.54e-39	152
STOWAWAY47_OS	Rice_3_106296	81.944	144	5	2	1	144	1	123	1.54e-39	152
STOWAWAY47_OS	Rice_3_106296	81.250	144	6	2	1	144	123	1	1.88e-38	149
STOWAWAY47_OS	Rice_1_87954	75.172	145	35	1	1	144	8	152	1.04e-22	96.9
STOWAWAY47_OS	Rice_1_87954	74.483	145	36	1	1	144	152	8	4.42e-21	91.5
STOWAWAY47_OS	Rice_2_89676	72.789	147	13	5	1	144	123	1	5.39e-20	87.8
STOWAWAY47_OS	Rice_2_89676	72.109	147	14	5	1	144	1	123	2.29e-18	82.4
STOWAWAY47_OS	Rice_3_35556	74.150	147	23	5	1	144	1	135	1.88e-19	86.0
STOWAWAY47_OS	Rice_3_35556	74.150	147	23	5	1	144	135	1	1.88e-19	86.0
STOWAWAY47_OS	Rice_1_76087	68.750	144	24	1	1	144	1	123	4.14e-15	71.6
STOWAWAY47_OS	Rice_1_76087	68.056	144	25	1	1	144	123	1	5.05e-14	68.0
TREP219	Rice_1_119894	74.766	107	15	7	1	100	102	1	2.54e-09	51.8
TREP219	Rice_2_178096	72.093	86	18	4	17	100	82	1	1.95e-04	35.6
Harbinger-N3_OS	Rice_3_6054	99.342	304	1	1	1	304	303	1	8.05e-155	536
Harbinger-N3_OS	Rice_2_170036	80.328	305	48	3	1	304	294	1	1.20e-76	277
MuDR-N31_OS	Rice_2_166122	95.702	349	14	1	9	356	349	1	2.97e-161	558
MuDR-N31_OS	Rice_2_166122	73.171	369	58	15	8	355	1	349	5.77e-50	188
MuDR-N31_OS	Rice_3_87782	70.968	372	89	10	1	363	362	1	3.41e-40	156
MuDR-N31_OS	Rice_2_191231	70.899	378	90	11	1	363	1	373	1.19e-39	154
MuDR-N31_OS	Rice_2_191231	68.041	388	84	11	1	363	373	1	1.65e-31	127
CLOUD-3	Rice_2_162322	82.852	554	72	7	1	550	1	535	1.32e-161	560
CLOUD-3	Rice_2_72369	67.138	566	102	15	1	550	1	498	2.55e-50	190
MuDR-N9_OS	Rice_3_155048	93.091	550	8	3	2	542	2	530	0.0	834
MuDR-N9_OS	Rice_3_155048	74.088	548	116	11	1	541	530	2	5.90e-90	322
MuDR-N9_OS	Rice_2_91664	67.921	558	136	13	1	542	1	531	4.54e-47	179
MuDR-N9_OS	Rice_2_91664	67.877	551	148	13	1	542	531	1	3.49e-42	163
hAT-N54_OS	Rice_2_92115	100.000	515	0	0	1	515	1	515	0.0	930
hAT-N14D_OS	Rice_2_117296	100.000	622	0	0	1	622	1	622	0.0	1122
hAT-N18_OS	Rice_2_20213	98.364	489	5	3	1	488	487	1	0.0	836
STOWAWAY46_OS	Rice_2_190254	95.172	145	6	1	1	144	1	145	8.53e-62	226
STOWAWAY46_OS	Rice_2_190254	93.793	145	8	1	1	144	145	1	4.42e-59	217
STOWAWAY46_OS	Rice_2_89676	81.944	144	5	1	1	144	1	123	3.63e-41	158
STOWAWAY46_OS	Rice_2_89676	81.250	144	6	1	1	144	123	1	1.54e-39	152
STOWAWAY46_OS	Rice_2_68803	84.138	145	21	2	1	144	1	144	5.39e-39	150
STOWAWAY46_OS	Rice_2_68803	82.759	145	23	2	1	144	144	1	2.79e-36	141
STOWAWAY46_OS	Rice_1_16774	80.822	146	24	4	1	144	1	144	7.49e-31	123
STOWAWAY46_OS	Rice_1_16774	80.822	146	24	4	1	144	144	1	7.49e-31	123
STOWAWAY46_OS	Rice_1_27531	78.767	146	27	4	1	144	144	1	1.65e-26	109
STOWAWAY46_OS	Rice_1_27531	78.082	146	28	4	1	144	1	144	2.01e-25	105
STOWAWAY46_OS	Rice_1_19232	72.222	144	6	1	1	144	1	110	2.01e-25	105
STOWAWAY46_OS	Rice_1_19232	71.528	144	7	1	1	144	110	1	2.45e-24	102
STOWAWAY46_OS	Rice_2_110613	76.871	147	29	5	1	144	145	1	3.63e-22	95.1
STOWAWAY46_OS	Rice_2_110613	75.676	148	29	5	1	144	1	145	1.54e-20	89.7
STOWAWAY46_OS	Rice_2_178096	72.222	144	14	2	1	144	1	118	3.63e-22	95.1
STOWAWAY46_OS	Rice_2_178096	71.528	144	15	2	1	144	118	1	1.54e-20	89.7
STOWAWAY46_OS	Rice_3_106296	72.603	146	15	5	1	144	1	123	6.57e-19	84.2
STOWAWAY46_OS	Rice_3_106296	71.918	146	16	5	1	144	123	1	2.79e-17	78.8
STOWAWAY46_OS	Rice_1_87954	70.068	147	39	5	1	144	152	8	1.35e-08	50.0
STOWAWAY46_OS	Rice_1_87954	69.388	147	40	5	1	144	8	152	5.76e-07	44.6
STOWAWAY34_OS	Rice_1_186122	67.241	232	49	7	38	256	40	257	2.70e-14	69.8
MUDRN1_OS	Rice_1_118155	93.806	775	28	7	1	764	1	766	0.0	1168
MUDRN1_OS	Rice_3_188145	67.337	796	187	25	1	764	1	755	2.56e-58	217
TYPEU2	Rice_1_58850	86.981	361	45	2	14	374	1	359	3.14e-123	432
TYPEU2	Rice_1_58850	86.538	364	41	4	11	371	359	1	4.67e-121	425
TYPEU2	Rice_2_63415	86.000	350	48	1	17	366	349	1	1.25e-115	407
TYPEU2	Rice_2_63415	85.269	353	45	3	19	368	1	349	2.26e-112	396
TYPEU2	Rice_3_112005	83.380	355	52	5	18	369	351	1	5.69e-101	358
TYPEU2	Rice_3_112005	82.817	355	54	5	16	367	1	351	2.95e-98	349
TYPEU2	Rice_3_146846	85.397	315	44	2	33	346	320	7	6.93e-100	354
TYPEU2	Rice_3_146846	84.494	316	45	4	33	346	1	314	6.49e-94	334
TYPEU2	Rice_3_183345	82.540	315	38	5	46	360	2	299	2.12e-87	313
TYPEU2	Rice_3_183345	82.540	315	34	6	25	337	299	4	2.12e-87	313
STOWAWAY15-2_OS	Rice_2_190254	87.586	145	18	0	1	145	1	145	3.17e-48	181
STOWAWAY15-2_OS	Rice_2_190254	87.586	145	18	0	1	145	145	1	3.17e-48	181
STOWAWAY15-2_OS	Rice_2_89676	75.862	145	13	1	1	145	1	123	9.09e-30	120
STOWAWAY15-2_OS	Rice_2_89676	75.172	145	14	1	1	145	123	1	3.87e-28	114
STOWAWAY15-2_OS	Rice_1_19232	71.034	145	7	1	1	145	1	110	8.52e-24	100
STOWAWAY15-2_OS	Rice_2_68803	76.190	147	30	3	1	145	1	144	2.97e-23	98.7
STOWAWAY15-2_OS	Rice_2_68803	76.190	147	30	3	1	145	144	1	2.97e-23	98.7
STOWAWAY15-2_OS	Rice_2_178096	71.034	145	15	2	1	145	1	118	5.37e-20	87.8
STOWAWAY15-2_OS	Rice_2_178096	69.655	145	17	2	1	145	118	1	2.78e-17	78.8
STOWAWAY15-2_OS	Rice_1_27531	75.000	148	30	5	1	145	1	144	6.55e-19	84.2
STOWAWAY15-2_OS	Rice_1_27531	75.000	148	30	5	1	145	144	1	6.55e-19	84.2
STOWAWAY15-2_OS	Rice_1_16774	74.324	148	31	4	1	145	1	144	6.55e-19	84.2
STOWAWAY15-2_OS	Rice_1_16774	74.150	147	33	4	1	145	144	1	7.98e-18	80.6
STOWAWAY15-2_OS	Rice_2_110613	72.603	146	38	2	1	145	145	1	9.72e-17	77.0
STOWAWAY15-2_OS	Rice_2_110613	71.622	148	36	4	1	145	1	145	1.76e-13	66.2
STOWAWAY15-2_OS	Rice_1_87954	70.946	148	37	5	1	145	8	152	9.10e-11	57.2
STOWAWAY15-2_OS	Rice_1_87954	67.347	147	44	4	1	145	152	8	2.98e-04	35.6
Harbinger-N9_OS	Rice_3_157742	93.913	230	12	2	1	229	242	14	2.33e-97	345
hAT-N11B_OS	Rice_3_161525	90.714	560	19	4	1	528	1	559	0.0	789
hAT-N11B_OS	Rice_2_82268	76.689	592	71	12	1	528	1	589	1.35e-129	453
JOUZHEN	Rice_3_85340	90.803	598	40	2	1	596	585	1	0.0	836
Mariner-N9_OS	Rice_1_205622	93.776	241	14	1	1	240	1	241	2.35e-103	365
Mariner-N9_OS	Rice_1_205622	81.405	242	42	3	1	240	241	1	1.81e-60	223
Mariner-N9_OS	Rice_2_139483	93.839	211	12	1	16	225	211	1	8.77e-90	320
Mariner-N9_OS	Rice_2_139483	78.774	212	42	3	16	225	1	211	3.50e-44	168
Mariner-N9_OS	Rice_2_129950	84.647	241	21	6	1	240	226	1	8.78e-71	257
Mariner-N9_OS	Rice_2_129950	73.770	244	42	10	1	240	1	226	3.07e-32	129
MuDR-N15_OS	Rice_2_72369	99.598	498	2	0	1	498	1	498	0.0	892
MuDR-N15_OS	Rice_2_162322	71.245	546	98	8	1	498	1	535	2.15e-82	297
CASTAWAY	Rice_3_56614	91.758	364	30	0	1	364	364	1	2.15e-150	522
CASTAWAY	Rice_3_23611	95.046	323	16	0	7	329	1	323	3.88e-147	511
CASTAWAY	Rice_3_23611	71.924	317	20	19	5	321	326	573	1.77e-37	147
CASTAWAY	Rice_3_160810	90.110	364	36	0	1	364	1	364	2.98e-142	495
CASTAWAY	Rice_3_48003	88.736	364	41	0	1	364	1	364	3.41e-135	471
CASTAWAY	Rice_2_9203	85.165	364	54	0	1	364	426	63	8.02e-118	414
TNR2	Rice_2_55742	87.879	132	16	0	17	148	6	137	7.64e-44	167
STOWAWAY17_OS	Rice_1_39049	99.228	259	2	0	1	259	259	1	1.51e-131	459
STOWAWAY17_OS	Rice_1_143096	99.194	248	2	0	1	248	248	1	1.41e-125	439
WANDERER	Rice_3_67143	93.939	231	9	2	1	231	5	230	1.74e-98	349
WANDERER	Rice_3_156312	81.933	238	34	5	1	232	237	3	6.09e-60	221
WANDERER	Rice_1_192400	85.427	199	27	2	34	231	43	240	6.09e-60	221
WANDERER	Rice_3_62305	82.727	220	25	4	1	211	1	216	2.13e-59	219
WANDERER	Rice_2_120213	81.081	222	30	5	1	212	1	220	1.99e-53	199
Harbinger-N9B_OS	Rice_3_157742	96.552	203	7	0	1	203	242	40	4.00e-94	334
DNA10-1_OS	Rice_3_44029	97.070	273	3	1	1	273	1	268	5.56e-131	457
DNA10-1_OS	Rice_3_44029	97.070	273	3	1	1	273	268	1	5.56e-131	457
MERMITE18A	Rice_2_24848	86.502	526	63	2	1	526	518	1	0.0	627
MERMITE18A	Rice_2_24848	78.102	548	68	19	1	526	1	518	5.01e-116	408
TYPEH	Rice_1_75735	90.615	309	20	1	1	309	1	300	8.76e-123	430
TYPEH	Rice_2_51210	71.802	344	61	6	1	309	343	1	4.86e-50	188
TOURIST6A_OS	Rice_1_158965	88.679	212	22	2	3	212	250	39	4.29e-74	268
TOURIST6A_OS	Rice_1_158965	82.547	212	31	6	4	211	40	249	7.76e-52	194
TOURIST6A_OS	Rice_1_48605	88.208	212	21	3	3	212	600	391	6.36e-72	260
TOURIST6A_OS	Rice_1_48605	86.792	212	24	3	3	212	61	270	1.40e-67	246
TOURIST6A_OS	Rice_1_48605	82.075	212	30	6	4	211	392	599	2.71e-51	192
TOURIST6A_OS	Rice_1_48605	80.660	212	33	6	4	211	269	62	5.96e-47	178
TOURIST6A_OS	Rice_3_3657	87.736	212	21	3	3	212	275	67	7.75e-71	257
TOURIST6A_OS	Rice_3_3657	81.604	212	30	6	4	211	68	274	3.30e-50	188
TOURIST6A_OS	Rice_1_163640	86.792	212	25	3	3	212	56	266	1.40e-67	246
TOURIST6A_OS	Rice_1_163640	80.660	212	34	6	4	211	265	57	5.96e-47	178
TOURIST6A_OS	Rice_3_76	84.434	212	29	3	3	212	286	77	4.58e-61	224
TOURIST6A_OS	Rice_3_76	79.717	212	35	6	4	211	78	285	3.09e-44	168
TOURIST6A_OS	Rice_1_169628	85.204	196	27	2	18	211	258	63	2.37e-58	215
TOURIST6A_OS	Rice_1_169628	79.899	199	34	6	3	197	62	258	5.58e-41	158
TOURIST6A_OS	Rice_2_197316	81.690	213	34	4	3	211	53	264	2.22e-52	196
TOURIST6A_OS	Rice_2_197316	78.505	214	39	6	3	211	265	54	5.58e-41	158
TOURIST6A_OS	Rice_3_56539	81.221	213	34	5	1	209	316	106	1.15e-49	187
TOURIST6A_OS	Rice_3_56539	80.184	217	35	7	3	214	103	316	7.26e-46	174
TOURIST6A_OS	Rice_1_164013	79.343	213	38	5	1	209	157	367	3.09e-44	168
TOURIST6A_OS	Rice_1_164013	78.341	217	39	7	3	214	370	157	1.95e-40	156
TOURIST6A_OS	Rice_1_155134	77.228	202	34	6	18	211	81	278	4.29e-36	141
TOURIST6A_OS	Rice_1_155134	77.202	193	39	5	3	191	279	88	2.22e-33	132
SUSU	Rice_1_22556	96.057	279	11	0	1	279	106	384	6.93e-130	453
SUSU	Rice_3_59649	94.982	279	14	0	1	279	279	1	4.38e-126	441
hAT-N28_OS	Rice_3_203918	99.054	740	2	1	1	740	735	1	0.0	1303
GAIJIN	Rice_2_130671	95.918	147	6	0	1	147	4	150	1.37e-65	239
GAIJIN	Rice_2_130671	95.890	146	6	0	2	147	296	151	4.78e-65	237
GAIJIN	Rice_2_39066	94.558	147	8	0	1	147	17	163	7.09e-63	230
GAIJIN	Rice_3_102826	94.521	146	8	0	2	147	1	146	2.47e-62	228
GAIJIN	Rice_1_85598	95.105	143	7	0	3	145	94	236	8.64e-62	226
GAIJIN	Rice_3_98191	93.571	140	6	2	8	147	139	3	8.09e-56	206
GAIJIN	Rice_3_98191	82.963	135	13	3	13	147	149	273	1.20e-34	136
GAIJIN	Rice_1_49325	87.402	127	15	1	1	127	519	644	4.48e-40	154
GAIJIN	Rice_2_87812	81.944	144	14	4	6	147	266	133	1.20e-34	136
GAIJIN	Rice_2_87812	77.372	137	16	6	6	139	8	132	3.68e-22	95.1
GAIJIN	Rice_2_184254	81.119	143	17	3	6	147	134	1	1.46e-33	132
GAIJIN	Rice_2_62324	84.426	122	14	3	27	144	6	126	2.17e-31	125
GAIJIN	Rice_2_62278	80.992	121	12	4	29	147	16	127	5.83e-26	107
GAIJIN	Rice_2_199025	74.834	151	30	6	1	147	1	147	2.32e-18	82.4
GAIJIN	Rice_1_50327	76.423	123	16	5	9	128	127	239	8.10e-18	80.6
GAIJIN	Rice_1_50327	75.397	126	18	5	6	128	121	6	9.87e-17	77.0
STOWAWAY11_OS	Rice_3_89197	98.288	292	5	0	1	292	27	318	4.59e-145	504
STOWAWAY11_OS	Rice_3_18550	97.945	292	6	0	1	292	157	448	5.59e-144	500
STOWAWAY11_OS	Rice_3_17023	83.936	249	21	3	16	264	230	1	1.41e-75	273
STOWAWAY35_OS	Rice_1_119546	84.677	248	30	2	1	248	1	240	3.39e-76	275
STOWAWAY35_OS	Rice_1_93968	76.000	250	47	8	1	248	239	1	2.29e-40	156
STOWAWAY35_OS	Rice_2_30967	70.281	249	64	5	1	248	1	240	4.42e-24	102
DS-RICE3N	Rice_1_82787	92.395	526	29	3	1	525	516	1	0.0	765
hAT-N46_OS	Rice_1_78483	98.257	746	7	4	1	746	1	740	0.0	1274
CLOUD-7	Rice_2_134662	93.306	493	26	4	2	494	1	486	0.0	729
CLOUD-7	Rice_2_134662	88.844	493	48	4	2	494	486	1	0.0	630
CLOUD-7	Rice_1_101217	83.908	522	37	12	2	494	504	1	6.11e-159	551
CLOUD-7	Rice_1_101217	83.398	518	47	11	2	494	1	504	1.64e-153	533
EnSpm-N5_OS	Rice_3_178288	86.232	552	24	11	1	549	1	503	0.0	650
MuDR-N74C_OS	Rice_3_212861	87.193	570	34	9	1	555	546	1	0.0	693
DNA8-1B_OS	Rice_3_15476	92.747	648	39	5	1	647	643	3	0.0	942
MuDR-N74_OS	Rice_3_212861	81.347	579	49	13	1	553	546	1	1.96e-159	553
MuDR-N355_OS	Rice_2_91664	66.310	561	150	9	1	552	531	1	4.34e-41	159
MuDR-N355_OS	Rice_2_91664	66.310	561	150	11	1	552	1	531	7.84e-38	149
DNA9-49_OS	Rice_2_49847	92.845	601	4	7	1	601	566	5	0.0	893
DNA9-49_OS	Rice_3_68495	76.064	564	62	14	42	590	1	506	4.72e-117	412
MuDR-N162_OS	Rice_2_116526	98.153	758	8	1	1	758	1	752	0.0	1308
MDM1	Rice_3_87782	87.569	362	9	23	1	326	362	1	1.47e-107	379
MDM1	Rice_3_87782	72.678	366	56	22	1	326	1	362	1.29e-38	150
MDM1	Rice_2_166122	73.043	345	54	21	8	314	349	6	1.92e-36	143
MDM1	Rice_2_191231	69.705	373	66	20	1	326	1	373	2.67e-28	116
COWARD	Rice_1_107099	82.673	202	15	3	1	200	184	1	2.68e-57	212
COWARD	Rice_3_94794	83.251	203	31	3	1	200	1	203	1.39e-54	203
COWARD	Rice_1_198898	78.125	192	37	4	6	193	440	630	1.14e-36	143
COWARD	Rice_1_72444	76.410	195	29	8	5	193	193	10	1.07e-30	123
COWARD	Rice_3_164268	75.401	187	31	6	28	200	29	214	1.59e-28	116
COWARD	Rice_1_83062	70.667	225	41	5	1	200	1	225	2.36e-26	109
STOWAWAY48_OS	Rice_1_186122	93.385	257	17	0	1	257	1	257	7.74e-110	387
STOWAWAY48_OS	Rice_3_106079	83.658	257	26	1	1	257	218	458	6.80e-79	284
hAT-N79_OS	Rice_1_159173	97.924	289	5	1	1	289	288	1	2.86e-141	491
STOWAWAY10_OS	Rice_1_39049	71.292	209	56	3	28	234	28	234	1.97e-22	96.9
STOWAWAY10_OS	Rice_1_143096	70.813	209	57	3	28	234	17	223	2.40e-21	93.3
MuDR-N66C_OS	Rice_2_9028	97.388	536	13	1	3	538	1	535	0.0	901
MuDR-N66C_OS	Rice_2_89028	73.393	560	125	16	1	545	1	551	1.22e-79	288
TYPEU4	Rice_1_58850	70.604	364	89	9	15	375	4	352	1.61e-38	150
TYPEU4	Rice_1_58850	70.161	372	89	12	9	375	359	5	3.56e-34	136
TYPEU4	Rice_2_63415	70.879	364	85	11	17	375	1	348	5.64e-38	149
TYPEU4	Rice_2_63415	70.604	364	88	11	15	374	349	1	8.36e-36	141
TYPEU4	Rice_3_112005	69.916	359	85	12	16	369	351	11	1.84e-31	127
DELAY	Rice_1_125515	94.690	226	12	0	1	226	226	1	3.98e-100	354
DELAY	Rice_2_98432	86.224	196	26	1	10	205	207	13	3.99e-62	228
MuDR-N32_OS	Rice_3_145247	98.496	665	7	1	1	665	662	1	0.0	1153
DS-RICE4N	Rice_2_77789	88.608	711	45	5	3	713	675	1	0.0	928
hAT-N10_OS	Rice_1_114672	100.000	570	0	0	1	570	570	1	0.0	1029
hAT-N10B_OS	Rice_2_72892	99.620	527	2	0	1	527	527	1	0.0	942
TOURIST-XV	Rice_3_67143	76.884	199	37	7	41	234	32	226	3.05e-32	129
STOWAWAY51_OS	Rice_2_8414	91.213	239	19	2	4	242	1	237	1.40e-93	333
STOWAWAY51_OS	Rice_2_8414	70.683	249	51	8	4	242	237	1	3.53e-25	105
STOWAWAY51_OS	Rice_3_23121	82.427	239	36	5	4	242	233	1	1.50e-61	226
STOWAWAY51_OS	Rice_3_168446	80.816	245	35	5	2	242	34	270	1.83e-60	223
STOWAWAY51_OS	Rice_3_168446	67.611	247	64	7	2	242	272	36	7.29e-15	71.6
STOWAWAY51_OS	Rice_2_170515	79.918	244	37	5	3	242	269	34	3.30e-57	212
STOWAWAY51_OS	Rice_1_193661	79.839	248	36	6	1	242	36	275	3.30e-57	212
STOWAWAY51_OS	Rice_1_193661	67.470	249	63	7	2	242	277	39	7.29e-15	71.6
STOWAWAY51_OS	Rice_2_91609	79.184	245	39	6	2	242	4	240	2.08e-53	199
STOWAWAY51_OS	Rice_2_49763	68.852	244	64	7	4	242	237	1	4.91e-17	78.8
STOWAWAY51_OS	Rice_2_530	66.939	245	69	6	2	242	91	327	3.10e-13	66.2
