Rice_3_59649	SUSU	94.982	279	14	0	1	279	279	1	4.69e-125	438
Rice_1_22556	SUSU	96.057	279	11	0	106	384	1	279	6.57e-130	455
Rice_1_22556	SUSU	85.981	107	12	1	3	106	12	118	1.64e-26	111
Rice_1_184166	TESS	96.311	244	8	1	1	243	244	1	1.92e-113	399
Rice_1_69321	hAT-N6_OS	94.488	127	4	2	4	127	29	155	1.77e-51	193
Rice_2_19117	hAT-N6_OS	92.823	209	5	5	9	207	31	239	7.84e-82	294
Rice_1_39049	STOWAWAY17_OS	99.228	259	2	0	1	259	259	1	5.56e-134	468
Rice_1_39049	STOWAWAY17_OS	97.222	36	1	0	1	36	1	36	1.10e-11	62.1
Rice_1_143096	STOWAWAY17_OS	99.194	248	2	0	1	248	248	1	8.18e-128	448
Rice_1_167884	hAT-N31_OS	96.686	513	12	5	1	508	513	1	0.0	848
Rice_1_134944	MuDR-N257_OS	97.122	139	1	1	7	142	7	145	4.10e-63	231
Rice_1_134944	MuDR-N257_OS	97.122	139	1	1	1	136	145	7	4.10e-63	231
Rice_2_58094	MuDR-N257_OS	97.849	93	2	0	1	93	119	27	3.37e-42	161
Rice_2_58094	MuDR-N257_OS	92.708	96	1	2	1	93	27	119	7.35e-34	134
Rice_1_124245	MuDR-N257_OS	84.071	113	6	2	1	113	13	113	3.38e-23	99.0
Rice_1_124245	MuDR-N257_OS	82.301	113	8	5	1	113	133	33	7.31e-20	87.9
Rice_2_20213	hAT-N18_OS	98.364	489	5	3	1	487	488	1	0.0	856
Rice_1_119546	STOWAWAY35_OS	86.026	229	30	1	1	227	1	229	9.40e-67	244
Rice_2_30967	STOWAWAY49_OS	83.750	240	36	3	1	240	3	239	1.22e-60	224
Rice_1_93968	STOWAWAY49_OS	90.909	242	18	4	1	241	239	1	4.24e-90	322
Rice_3_62218	Harbinger-N57_OS	99.772	438	0	1	1	437	1	438	0.0	802
Rice_2_91664	XIKE	91.549	284	20	4	250	531	313	594	9.42e-110	388
Rice_2_91664	XIKE	91.600	250	20	1	1	250	1	249	2.07e-96	344
Rice_2_91664	XIKE	92.308	221	16	1	311	531	220	1	5.83e-87	313
Rice_3_155048	MuDR-N9_OS	93.956	546	11	10	2	530	2	542	0.0	806
Rice_3_145247	MuDR-N32_OS	98.496	665	7	1	1	662	665	1	0.0	1170
Rice_3_145247	MuDR-N9_OS	83.077	195	32	1	1	195	1	194	9.98e-46	176
Rice_3_173133	DNA9-N2_OS	93.484	399	7	3	1	380	14	412	4.75e-166	575
Rice_3_173133	DNA9-N2_OS	93.069	101	7	0	280	380	112	12	1.23e-37	148
Rice_3_173133	DNA9-N2_OS	89.623	106	6	5	2	106	409	308	4.45e-32	130
Rice_3_173133	DNA9-N2B_OS	76.655	287	50	10	2	275	15	297	5.71e-36	143
Rice_2_102724	MuDR-N36_OS	86.977	215	20	5	43	252	197	408	6.11e-64	235
Rice_2_96039	hAT-N15_OS	86.275	204	25	3	294	495	480	278	2.57e-58	219
Rice_1_79141	hAT-N15_OS	97.260	730	4	4	1	714	1	730	0.0	1223
Rice_3_48003	CASTAWAY	89.071	366	36	4	1	364	1	364	7.99e-129	451
Rice_3_48003	CASLET	86.854	213	28	0	1	213	1	213	6.77e-65	239
Rice_3_160810	CASTAWAY	90.305	361	35	0	1	361	1	361	2.81e-135	473
Rice_3_160810	CASTAWAY	96.847	222	5	2	368	587	222	1	3.79e-104	370
Rice_3_160810	CASLET	90.141	213	21	0	1	213	1	213	2.36e-76	278
Rice_3_160810	CASLET	89.062	192	21	0	396	587	192	1	1.12e-64	239
Rice_3_23611	CASTAWAY	95.046	323	16	0	1	323	7	329	7.50e-146	508
Rice_3_23611	CASLET	88.889	207	23	0	1	207	7	213	1.08e-69	255
Rice_2_9203	CASTAWAY	85.165	364	54	0	63	426	364	1	2.10e-105	374
Rice_2_9203	CASLET	87.793	213	26	0	214	426	213	1	3.70e-68	250
Rice_3_56614	CASTAWAY	91.967	361	29	0	4	364	361	1	1.68e-145	507
Rice_3_56614	CASLET	84.977	213	32	0	152	364	213	1	3.17e-58	217
Rice_1_200152	CASLET	92.373	354	27	0	1	354	1	354	5.87e-145	505
Rice_1_200152	CASTAWAY	90.155	193	17	2	1	192	1	192	3.04e-68	250
Rice_1_200152	CASGRANDA	86.957	92	11	1	11	102	12	102	9.00e-24	102
Rice_2_154971	CASGRANDA	80.597	469	48	25	1	430	465	1	7.78e-90	322
Rice_1_163913	CASGRANDA	97.228	469	8	3	3	470	465	1	0.0	789
Rice_1_75735	TYPEH	91.262	309	18	4	1	300	1	309	3.07e-117	412
Rice_1_75735	Harbinger-N61_OS	92.073	164	9	3	138	300	546	706	1.19e-61	228
Rice_1_75735	Harbinger-N61_OS	93.388	121	8	0	1	121	1	121	3.39e-47	180
Rice_3_193302	Harbinger-N61_OS	98.857	175	2	0	224	398	175	1	4.32e-87	313
Rice_3_193302	Harbinger-N61_OS	91.204	216	14	4	1	216	706	496	7.28e-80	289
Rice_3_193302	TYPEH	88.525	183	20	1	1	183	309	128	2.69e-59	220
Rice_2_89676	STOWAWAY46_OS	95.652	69	3	0	1	69	144	76	4.79e-27	111
Rice_2_89676	STOWAWAY46_OS	82.639	144	4	10	1	123	1	144	6.19e-26	108
Rice_2_89676	STOWAWAY47_OS	88.889	72	6	2	1	71	144	74	8.07e-20	87.9
Rice_1_19232	STOWAWAY15-2_OS	96.875	64	2	0	47	110	64	1	5.44e-26	108
Rice_1_19232	STOWAWAY15-2_OS	100.000	44	0	0	1	44	1	44	3.30e-18	82.4
Rice_2_178096	STOWAWAY46_OS	90.909	55	4	1	1	54	1	55	2.15e-15	73.1
Rice_3_106296	STOWAWAY47_OS	95.652	69	3	0	1	69	1	69	4.79e-27	111
Rice_3_106296	STOWAWAY47_OS	94.203	69	4	0	1	69	144	76	2.23e-25	106
Rice_3_106296	STOWAWAY47_OS	96.154	52	2	0	72	123	52	1	2.90e-19	86.1
Rice_3_106296	STOWAWAY47_OS	96.154	52	2	0	72	123	93	144	2.90e-19	86.1
Rice_3_106296	STOWAWAY46_OS	87.324	71	7	2	1	70	1	70	1.35e-17	80.5
Rice_2_70962	STOWAWAY1_OS	96.667	150	4	1	7	156	1	149	4.86e-68	248
Rice_2_70962	STOWAWAY1_OS	97.279	147	3	1	10	156	146	1	4.86e-68	248
Rice_1_16774	STOWAWAY1_OS	92.000	150	11	1	147	296	1	149	4.31e-56	209
Rice_1_16774	STOWAWAY47_OS	89.583	144	15	0	1	144	1	144	2.61e-48	183
Rice_1_16774	STOWAWAY46_OS	80.822	146	24	4	1	144	1	144	1.25e-26	111
Rice_1_16774	STOWAWAY50_OS	91.250	80	7	0	217	296	80	1	4.50e-26	110
Rice_1_16774	STOWAWAY50_OS	86.585	82	9	2	217	296	89	170	5.86e-20	89.8
Rice_1_29310	STOWAWAY1_OS	98.718	78	0	1	46	123	73	149	7.90e-35	137
Rice_1_29310	STOWAWAY1_OS	95.181	83	4	0	41	123	83	1	3.67e-33	132
Rice_1_29310	STOWAWAY1_OS	100.000	38	0	0	1	38	1	38	8.12e-15	71.3
Rice_1_29310	STOWAWAY1_OS	100.000	38	0	0	4	41	146	109	8.12e-15	71.3
Rice_2_154156	STOWAWAY50_OS	90.789	76	7	0	75	150	76	1	3.57e-24	102
Rice_2_154156	STOWAWAY50_OS	98.148	54	1	0	97	150	117	170	5.98e-22	95.3
Rice_2_154156	STOWAWAY50_OS	94.118	51	3	0	4	54	167	117	6.02e-17	78.7
Rice_1_10213	STOWAWAY50_OS	95.312	64	3	0	1	64	1	64	3.03e-24	102
Rice_1_10213	STOWAWAY50_OS	96.667	60	2	0	71	130	60	1	1.09e-23	100
Rice_1_10213	STOWAWAY50_OS	96.296	54	2	0	77	130	117	170	2.36e-20	89.8
Rice_1_10213	STOWAWAY50_OS	96.296	54	2	0	1	54	170	117	2.36e-20	89.8
Rice_1_156573	STOWAWAY50_OS	97.222	36	1	0	54	89	117	152	3.34e-12	62.1
Rice_2_143569	STOWAWAY1_OS	100.000	64	0	0	26	89	86	149	1.95e-29	119
Rice_2_143569	STOWAWAY1_OS	96.875	64	2	0	26	89	64	1	4.22e-26	108
Rice_2_68803	TREP220	97.101	69	2	0	1	69	1	69	1.22e-28	117
Rice_2_68803	TREP220	92.208	77	5	1	69	144	77	1	7.33e-26	108
Rice_3_15400	STOWAWAY47_OS	89.535	86	7	1	60	143	1	86	1.18e-25	108
Rice_2_190254	STOWAWAY46_OS	95.172	145	6	1	1	145	1	144	5.43e-62	228
Rice_2_190254	STOWAWAY46_OS	93.793	145	8	1	1	145	144	1	1.18e-58	217
Rice_1_85891	TREP220	98.077	52	1	0	37	88	69	18	4.20e-21	91.6
Rice_1_85891	TREP220	100.000	37	0	0	1	37	20	56	1.97e-14	69.4
Rice_1_53708	STOWAWAY50_OS	97.059	34	1	0	55	88	117	150	4.26e-11	58.4
Rice_1_75793	STOWAWAY1_OS	100.000	54	0	0	54	107	96	149	8.81e-24	100
Rice_1_75793	STOWAWAY1_OS	98.113	53	1	0	1	53	149	97	1.47e-21	93.5
Rice_1_75793	STOWAWAY1_OS	96.296	54	2	0	54	107	54	1	1.91e-20	89.8
Rice_1_100363	STOWAWAY50_OS	92.424	66	5	0	1	66	1	66	4.05e-22	95.3
Rice_1_100363	STOWAWAY50_OS	91.525	59	3	2	47	103	109	167	1.14e-17	80.5
Rice_1_75452	STOLAB	79.936	314	45	14	1	299	311	1	9.36e-58	215
Rice_1_137880	STOLAB	96.154	312	12	0	1	312	312	1	1.10e-146	510
Rice_2_77789	DS-RICE4N	88.748	711	44	6	1	675	713	3	0.0	837
Rice_2_77789	hAT-N55_OS	98.485	198	3	0	478	675	200	3	5.67e-98	350
Rice_2_77789	hAT-N55_OS	86.525	282	16	8	1	266	583	308	3.48e-80	291
Rice_1_21592	DS-RICE4N	94.828	406	11	6	209	606	404	1	0.0	625
Rice_1_21592	DS-RICE4N	87.793	213	16	5	1	203	715	503	3.20e-65	241
Rice_1_21592	hAT-N55_OS	97.436	195	4	1	412	606	194	1	1.84e-92	331
Rice_1_21592	hAT-N55_OS	91.795	195	8	3	1	194	585	398	1.90e-72	265
Rice_3_117511	hAT-N55_OS	99.489	587	1	2	1	587	1	585	0.0	1066
Rice_3_117511	DS-RICE4N	97.030	202	6	0	1	202	1	202	2.97e-95	340
Rice_3_117511	DS-RICE4N	82.353	204	22	3	398	587	512	715	1.92e-42	165
Rice_1_181067	hAT-N55_OS	87.452	263	20	6	377	632	257	1	3.26e-80	291
Rice_1_181067	hAT-N55_OS	86.854	213	15	3	1	213	585	386	9.31e-61	226
Rice_1_181067	DS-RICE4N	87.864	206	22	3	1	203	715	510	1.20e-64	239
Rice_1_181067	DS-RICE4N	88.718	195	16	2	443	632	194	1	5.56e-63	233
Rice_1_189481	CLOUD	95.430	744	24	4	1	744	1	734	0.0	1177
Rice_1_189481	CLOUD	82.609	368	57	5	204	569	565	203	1.77e-88	318
Rice_1_189481	CLOUD	93.855	179	10	1	566	744	178	1	1.80e-73	268
Rice_1_189481	CLOUD	92.737	179	7	1	1	179	734	562	5.05e-69	254
Rice_2_188226	CLOUD	94.667	300	9	2	1	299	734	441	7.85e-131	459
Rice_2_188226	CLOUD	94.118	289	13	3	300	587	286	1	3.68e-124	436
Rice_2_188226	CLOUD	93.296	179	11	1	1	179	1	178	6.61e-72	263
Rice_2_188226	CLOUD	93.296	179	6	1	409	587	562	734	8.54e-71	259
Rice_2_188226	CLOUD	95.349	86	4	0	300	385	480	565	4.18e-34	137
Rice_1_204962	DS-RICE4N	91.748	206	14	3	787	989	510	715	8.62e-78	283
Rice_3_203918	hAT-N28_OS	99.054	740	2	1	1	735	740	1	0.0	1323
Rice_3_203918	hAT-N28B_OS	86.631	187	21	4	552	735	186	1	5.10e-54	204
Rice_2_139648	hAT-N28B_OS	93.617	329	6	2	1	314	1	329	2.12e-136	477
Rice_2_139648	hAT-N28B_OS	89.455	275	15	4	315	575	427	701	1.35e-93	335
Rice_2_139648	hAT-N28_OS	87.166	187	20	4	1	186	1	184	8.54e-56	209
Rice_1_14981	MuDR-N263_OS	96.607	560	7	3	1	548	13	572	0.0	918
Rice_3_15476	DNA8-1B_OS	92.747	648	39	6	3	643	647	1	0.0	929
Rice_3_15476	DNA8-1B_OS	89.103	156	16	1	152	306	310	155	9.61e-51	193
Rice_2_119556	DNA8-1B_OS	92.308	481	32	2	2	478	1	480	0.0	678
Rice_2_119556	DNA8-1B_OS	85.396	493	48	6	335	803	155	647	3.83e-140	490
Rice_2_119556	DNA8-1B_OS	87.586	145	17	1	516	659	155	299	7.33e-43	167
Rice_3_212386	ZM13-2_OS	92.784	97	7	0	2	98	107	11	6.32e-36	141
Rice_3_212386	ZM13-1_OS	97.333	75	1	1	26	99	104	30	1.77e-31	126
Rice_1_140090	ZM13-1_OS	96.403	139	5	0	2	140	1	139	1.48e-62	230
Rice_1_27808	ZM13-1_OS	91.304	46	4	0	64	109	94	139	1.22e-12	63.9
Rice_1_57903	hAT-N3_OS	96.647	686	15	4	1	678	686	1	0.0	1133
Rice_2_189150	hAT-N3_OS	90.367	218	21	0	1	218	1	218	6.00e-79	287
Rice_2_189150	hAT-N3_OS	86.166	253	26	9	645	892	438	686	2.81e-72	265
Rice_1_82787	DS-RICE3N	92.586	526	28	9	1	516	525	1	0.0	745
Rice_2_92115	hAT-N54_OS	100.000	515	0	0	1	515	1	515	0.0	952
Rice_2_92115	DS-RICE3N	82.424	165	25	3	1	163	1	163	2.82e-35	141
Rice_3_44790	Harbinger-N4_OS	80.288	416	60	18	1	404	406	1	1.59e-81	294
Rice_3_184370	Harbinger-N4_OS	100.000	406	0	0	1	406	1	406	0.0	750
Rice_1_66833	TYPEM	93.833	227	6	2	1	219	1	227	4.91e-94	335
Rice_2_115009	TYPEM	92.070	227	10	2	15	233	1	227	2.69e-87	313
Rice_2_155322	TYPEM	91.189	227	9	4	2	217	1	227	1.17e-82	298
Rice_2_155322	TYPEM	92.763	152	9	1	221	370	178	27	9.35e-59	219
Rice_1_110826	TYPEM	94.845	194	8	1	191	382	22	215	8.95e-84	302
Rice_1_110826	TYPEM	94.079	152	7	1	3	152	212	61	4.29e-62	230
Rice_2_55742	TNR2A	90.210	143	7	3	1	137	6	147	1.45e-47	180
Rice_1_74203	TNR2A	92.523	107	3	2	1	102	129	23	2.93e-38	148
Rice_2_134662	CLOUD-7	93.306	493	26	4	1	486	2	494	0.0	721
Rice_2_134662	CLOUD-7	89.516	496	39	11	1	486	494	2	3.62e-178	616
Rice_1_101217	CLOUD-7	84.630	514	48	18	1	504	494	2	3.98e-138	483
Rice_1_101217	CLOUD-7	92.083	240	10	6	271	504	258	494	5.48e-92	329
Rice_1_101217	CLOUD-7	89.855	207	16	3	1	207	2	203	2.03e-71	261
Rice_2_189500	CLOUD-6	83.654	208	29	4	1	205	508	303	2.71e-50	191
Rice_2_189500	CLOUD-4	86.441	118	12	4	1	115	1	117	7.74e-31	126
Rice_2_136607	CLOUD-6	97.441	508	12	1	1	507	1	508	0.0	865
Rice_2_136607	CLOUD-4	83.704	135	18	4	375	507	133	1	2.79e-30	124
Rice_1_120306	CLOUD-6	87.665	227	24	3	196	418	258	484	1.67e-71	261
Rice_1_138847	hAT-N13_OS	97.059	306	8	1	1	305	306	1	8.33e-148	514
Rice_3_176123	hAT-N13_OS	95.973	149	5	1	115	262	158	306	1.36e-65	241
Rice_3_176123	hAT-N13_OS	97.458	118	3	0	1	118	2	119	6.41e-54	202
Rice_2_49847	DNA9-49_OS	92.845	601	4	8	5	566	601	1	0.0	835
Rice_3_68495	DNA9-49_OS	91.549	71	6	0	1	71	42	112	1.69e-22	99.0
Rice_3_65123	hAT-N90_OS	84.426	488	49	12	1	463	490	5	7.94e-130	455
Rice_1_99831	hAT-N84_OS	93.777	466	21	7	1	462	1	462	0.0	697
Rice_3_126186	hAT-N32_OS	84.026	457	28	24	1	420	1	449	1.23e-112	398
Rice_2_146983	hAT-N84_OS	77.241	145	31	2	14	157	14	157	1.18e-18	86.1
Rice_2_126559	hAT-N32_OS	79.310	464	76	19	1	459	1	449	2.33e-85	307
Rice_2_140847	DNA9-N4_OS	99.585	241	0	1	1	241	17	256	4.04e-125	438
Rice_2_140847	MuDR-N115_OS	96.350	137	3	2	1	136	17	152	1.23e-60	224
Rice_2_140847	MuDR-N115_OS	94.937	79	3	1	41	118	120	198	4.62e-30	122
Rice_2_140847	MuDR-N115B_OS	95.620	137	4	2	1	136	17	152	5.72e-59	219
Rice_2_140847	MuDR-N115B_OS	89.796	98	8	2	41	136	120	217	3.57e-31	126
Rice_2_140847	MuDR-N135_OS	92.105	152	12	0	1	152	17	168	7.40e-58	215
Rice_2_140847	DNAUN1_OS	94.326	141	4	4	1	139	393	255	2.66e-57	213
Rice_2_140847	DNAUN1_OS	93.069	101	4	3	41	139	290	191	9.85e-37	145
Rice_2_140847	MuDR-N103_OS	94.853	136	6	1	1	136	441	307	9.58e-57	211
Rice_2_140847	MuDR-N101_OS	80.124	161	21	7	18	169	130	288	3.59e-26	110
Rice_2_140847	DNAUN2_OS	89.610	77	6	2	41	115	280	204	2.80e-22	97.1
Rice_2_140847	DNAUN4_OS	89.610	77	6	2	41	115	283	207	2.80e-22	97.1
Rice_2_140847	DNAUN4_OS	89.552	67	7	0	36	102	243	177	6.06e-19	86.1
Rice_2_140847	DNAUN3_OS	96.491	57	2	0	59	115	220	276	1.01e-21	95.3
Rice_2_140847	MuDR-N148_OS	96.491	57	2	0	59	115	264	208	1.01e-21	95.3
Rice_2_140847	MuDR-N148_OS	88.060	67	8	0	36	102	244	178	2.82e-17	80.5
Rice_3_34027	DNA9-N4_OS	89.320	206	10	5	187	380	217	12	1.18e-67	248
Rice_3_34027	MuDR-N115_OS	95.035	141	6	1	241	380	152	12	2.57e-59	220
Rice_3_34027	MuDR-N115_OS	94.872	78	3	1	260	336	197	120	2.68e-29	121
Rice_3_34027	MuDR-N103_OS	95.035	141	5	2	241	380	307	446	2.57e-59	220
Rice_3_34027	MuDR-N135_OS	89.017	173	18	1	209	380	184	12	4.29e-57	213
Rice_3_34027	DNAUN1_OS	93.617	141	8	1	241	380	258	398	5.55e-56	209
Rice_3_34027	DNAUN1_OS	93.814	97	5	1	241	336	194	290	1.59e-36	145
Rice_3_34027	MuDR-N115B_OS	92.199	141	10	1	241	380	152	12	1.20e-52	198
Rice_3_34027	MuDR-N115B_OS	90.816	98	7	2	241	336	217	120	1.24e-32	132
Rice_3_34027	MuDR-N101_OS	81.507	146	16	8	220	356	276	133	5.79e-26	110
Rice_3_34027	DNAUN2_OS	89.610	77	6	2	262	336	204	280	4.51e-22	97.1
Rice_3_34027	DNAUN4_OS	89.610	77	6	2	262	336	207	283	4.51e-22	97.1
Rice_3_34027	DNAUN4_OS	88.710	62	7	0	280	341	182	243	5.88e-16	76.8
Rice_3_34027	DNAUN3_OS	94.737	57	3	0	262	318	276	220	7.55e-20	89.8
Rice_3_34027	MuDR-N148_OS	94.737	57	3	0	262	318	208	264	7.55e-20	89.8
Rice_3_34027	MuDR-N148_OS	88.525	61	7	0	281	341	184	244	2.11e-15	75.0
Rice_3_128033	MuDR-N115_OS	98.956	383	3	1	1	382	11	393	0.0	684
Rice_3_128033	MuDR-N115_OS	92.405	79	3	3	47	123	120	197	5.83e-26	110
Rice_3_128033	DNAUN1_OS	96.257	187	6	1	1	186	399	213	6.92e-85	305
Rice_3_128033	DNAUN1_OS	95.050	101	4	1	47	146	290	190	2.05e-40	158
Rice_3_128033	MuDR-N115B_OS	93.617	188	9	3	1	186	11	197	4.20e-77	279
Rice_3_128033	MuDR-N115B_OS	89.000	100	9	2	47	144	120	219	2.08e-30	124
Rice_3_128033	MuDR-N115B_OS	91.250	80	3	4	110	187	57	134	7.54e-25	106
Rice_3_128033	DNA9-N4_OS	95.804	143	4	2	1	142	11	152	4.29e-62	230
Rice_3_128033	DNA9-N4_OS	92.405	79	4	2	110	187	57	134	1.62e-26	111
Rice_3_128033	MuDR-N103_OS	95.070	142	6	1	1	142	447	307	7.17e-60	222
Rice_3_128033	MuDR-N103_OS	91.026	78	5	2	110	186	401	325	2.71e-24	104
Rice_3_128033	MuDR-N135_OS	91.608	143	10	2	1	142	11	152	4.35e-52	196
Rice_3_128033	MuDR-N175_OS	89.189	148	15	1	1	147	403	256	9.41e-49	185
Rice_3_128033	MuDR-N101_OS	86.139	101	8	3	27	121	133	233	2.71e-24	104
Rice_3_128033	DNAUN2_OS	88.462	78	5	4	47	121	280	204	2.11e-20	91.6
Rice_3_128033	DNAUN4_OS	88.462	78	5	4	47	121	283	207	2.11e-20	91.6
Rice_3_128033	DNAUN4_OS	87.671	73	7	2	42	113	243	172	3.53e-18	84.2
Rice_3_128033	DNAUN3_OS	94.828	58	1	2	65	121	220	276	7.59e-20	89.8
Rice_3_128033	MuDR-N148_OS	94.828	58	1	2	65	121	264	208	7.59e-20	89.8
Rice_3_128033	MuDR-N148_OS	87.671	73	7	2	42	113	244	173	3.53e-18	84.2
Rice_3_39930	DNAUN1_OS	88.152	211	12	8	281	479	190	399	9.02e-65	239
Rice_3_39930	DNAUN1_OS	92.157	102	8	0	263	364	236	337	2.02e-36	145
Rice_3_39930	MuDR-N115B_OS	87.143	210	13	8	283	479	219	11	1.95e-61	228
Rice_3_39930	MuDR-N115B_OS	91.176	102	9	0	263	364	174	73	9.41e-35	139
Rice_3_39930	MuDR-N115B_OS	88.060	67	3	4	372	433	186	120	2.69e-15	75.0
Rice_3_39930	MuDR-N115_OS	89.305	187	9	7	304	479	197	11	2.53e-60	224
Rice_3_39930	MuDR-N115_OS	88.073	109	12	1	257	364	181	73	2.04e-31	128
Rice_3_39930	DNA9-N4_OS	88.028	142	6	7	349	479	152	11	2.60e-40	158
Rice_3_39930	DNA9-N4_OS	92.593	81	4	2	285	364	152	73	1.59e-27	115
Rice_3_39930	MuDR-N103_OS	87.943	141	7	6	349	479	307	447	2.60e-40	158
Rice_3_39930	MuDR-N103_OS	93.750	80	4	1	285	364	307	385	1.23e-28	119
Rice_3_39930	MuDR-N135_OS	88.000	125	10	5	359	479	134	11	7.27e-36	143
Rice_3_39930	MuDR-N135_OS	87.356	87	10	1	279	364	159	73	1.60e-22	99.0
Rice_3_39930	MuDR-N175_OS	85.135	148	10	8	344	479	256	403	7.27e-36	143
Rice_3_39930	MuDR-N101_OS	94.828	58	3	0	306	363	233	176	2.67e-20	91.6
Rice_3_39930	DNAUN3_OS	94.737	57	3	0	306	362	276	220	9.61e-20	89.8
Rice_3_39930	DNAUN2_OS	94.737	57	3	0	306	362	204	260	9.61e-20	89.8
Rice_3_39930	MuDR-N148_OS	94.737	57	3	0	306	362	208	264	9.61e-20	89.8
Rice_3_39930	MuDR-N148_OS	97.436	39	1	0	325	363	184	222	4.50e-13	67.6
Rice_3_39930	DNAUN4_OS	94.737	57	3	0	306	362	207	263	9.61e-20	89.8
Rice_3_39930	DNAUN4_OS	97.500	40	1	0	324	363	182	221	1.25e-13	69.4
Rice_2_24383	hAT-N2C_OS	98.195	554	5	2	1	549	556	3	0.0	963
Rice_3_118702	hAT-N2C_OS	80.000	90	16	2	1	89	1	89	2.82e-12	65.8
Rice_1_67955	hAT-N2C_OS	78.916	166	31	4	2	165	1	164	8.69e-26	110
Rice_3_125006	OSTE28	96.980	298	1	2	1	290	1	298	1.03e-141	494
Rice_3_125006	OSTE28	96.980	298	1	2	1	290	298	1	1.03e-141	494
Rice_3_32284	OSTE28	100.000	121	0	0	93	213	178	298	1.08e-60	224
Rice_3_32284	OSTE28	99.174	121	1	0	93	213	121	1	5.03e-59	219
Rice_3_32284	OSTE28	100.000	77	0	0	2	78	1	77	3.12e-36	143
Rice_3_32284	OSTE28	100.000	77	0	0	2	78	298	222	3.12e-36	143
Rice_3_49117	hAT-N48_OS	93.048	374	23	3	1	372	643	271	1.90e-156	544
Rice_3_49117	hAT-N48_OS	94.479	163	3	6	373	530	162	1	5.99e-67	246
Rice_2_44219	hAT-N48_OS	91.316	380	28	5	4	380	643	266	1.31e-147	514
Rice_2_754	AMYLTP	77.297	370	60	18	1	352	378	15	3.99e-52	196
Rice_2_754	AMYLTP	77.814	311	58	8	3	305	8	315	1.12e-47	182
Rice_3_146401	AMYLTP	78.231	294	56	6	8	296	51	341	9.36e-48	182
Rice_3_146401	AMYLTP	77.365	296	59	6	6	296	336	44	7.29e-44	169
Rice_1_186122	STOWAWAY48_OS	93.385	257	17	0	1	257	1	257	7.39e-108	381
Rice_1_186122	STOWAWAY28_OS	85.646	209	28	2	49	257	207	1	6.13e-59	219
Rice_3_106079	MuDR-N22_OS	94.907	216	10	1	1	215	41	256	4.66e-94	337
Rice_2_24848	MERMITE18A	86.717	527	60	4	1	518	526	1	1.83e-166	577
Rice_2_24848	MERMITE18A	79.670	546	63	34	1	518	1	526	4.33e-98	350
Rice_1_114672	hAT-N10_OS	100.000	570	0	0	1	570	570	1	0.0	1053
Rice_2_72892	hAT-N10B_OS	99.620	527	2	0	1	527	527	1	0.0	963
Rice_3_179688	hAT-N14B_OS	95.733	539	2	3	1	518	539	1	0.0	848
Rice_3_179688	hAT-N14_OS	92.949	156	11	0	363	518	156	1	2.12e-61	228
Rice_1_206944	hAT-N14_OS	95.775	497	7	3	1	483	1	497	0.0	789
Rice_1_206944	hAT-N14B_OS	80.827	266	35	9	233	483	275	539	2.00e-51	195
Rice_1_206944	hAT-N14D_OS	85.333	75	9	2	410	483	549	622	7.55e-16	76.8
Rice_1_206944	hAT-N14C_OS	83.784	74	12	0	410	483	570	643	3.51e-14	71.3
Rice_2_117296	hAT-N14D_OS	100.000	622	0	0	1	622	1	622	0.0	1149
Rice_2_117296	hAT-N14C_OS	82.390	159	18	9	469	622	490	643	7.42e-32	130
Rice_2_117296	hAT-N14B_OS	81.379	145	21	5	480	622	399	539	7.47e-27	113
Rice_2_117296	hAT-N14_OS	81.379	145	21	6	480	622	357	497	7.47e-27	113
Rice_2_166743	hAT-N14C_OS	81.935	155	23	4	460	611	491	643	9.42e-31	126
Rice_2_166743	hAT-N14D_OS	81.169	154	26	3	460	611	470	622	4.38e-29	121
Rice_2_166743	hAT-N14B_OS	81.818	143	21	5	1	140	1	141	2.04e-27	115
Rice_2_166743	hAT-N14B_OS	79.452	146	23	5	469	611	398	539	7.39e-22	97.1
Rice_2_166743	hAT-N14_OS	81.690	142	23	3	1	140	1	141	2.04e-27	115
Rice_2_166743	hAT-N14_OS	80.137	146	22	6	469	611	356	497	1.59e-23	102
Rice_1_17067	hAT-N14C_OS	100.000	643	0	0	1	643	1	643	0.0	1188
Rice_1_17067	hAT-N14D_OS	82.166	157	22	6	490	643	469	622	7.65e-32	130
Rice_1_17067	hAT-N14_OS	80.745	161	24	7	487	643	340	497	1.65e-28	119
Rice_1_17067	hAT-N14B_OS	79.054	148	19	9	501	643	399	539	3.61e-20	91.6
Rice_2_9028	MuDR-N66C_OS	97.388	536	13	1	1	535	3	538	0.0	911
Rice_3_6054	Harbinger-N3_OS	99.342	304	1	1	1	303	304	1	2.27e-158	549
Rice_2_170036	Harbinger-N3C_OS	99.660	294	1	0	1	294	294	1	4.75e-155	538
Rice_2_170036	Harbinger-N3D_OS	78.683	319	40	16	1	294	316	1	1.98e-49	187
Rice_2_8414	STOWAWAY51_OS	91.525	236	18	2	1	234	4	239	8.95e-92	327
Rice_2_8414	STOWAWAY44_OS	87.815	238	26	3	1	237	3	238	9.14e-77	278
Rice_2_8414	STOWAWAY9_OS	84.722	72	10	1	1	72	1	71	1.67e-14	71.3
Rice_3_168446	STOWAWAY9_OS	96.170	235	9	0	36	270	235	1	6.09e-109	385
Rice_1_193661	STOWAWAY9_OS	96.203	237	7	1	39	275	235	1	1.99e-109	387
Rice_2_170515	STOWAWAY9_OS	97.447	235	6	0	34	268	1	235	5.96e-114	401
Rice_3_23121	STOWAWAY44_OS	95.339	236	8	3	1	233	238	3	1.11e-105	374
Rice_3_23121	STOWAWAY51_OS	85.500	200	24	4	4	198	239	40	4.30e-55	206
Rice_2_91609	STOWAWAY9_OS	92.373	236	16	2	6	240	235	1	5.50e-94	335
Rice_3_1603	TAMI2	98.047	256	3	2	1	256	254	1	9.26e-127	444
Rice_3_1603	TAMI2	93.893	262	2	9	1	256	1	254	2.05e-108	383
Rice_3_1603	DNA10-1_OS	99.375	160	0	1	49	208	216	58	4.59e-80	289
Rice_3_1603	DNA10-1_OS	90.909	165	4	5	49	208	58	216	1.02e-56	211
Rice_3_1603	TAMI1	100.000	31	0	0	49	79	2	32	1.41e-10	58.4
Rice_3_1603	TAMI1	100.000	31	0	0	178	208	32	2	1.41e-10	58.4
Rice_3_44029	DNA10-1_OS	97.436	273	2	2	1	268	1	273	9.65e-132	460
Rice_3_44029	DNA10-1_OS	97.436	273	2	2	1	268	273	1	9.65e-132	460
Rice_3_44029	TAMI2	94.375	160	1	4	58	211	49	206	4.92e-65	239
Rice_3_44029	TAMI2	94.375	160	1	4	58	211	206	49	4.92e-65	239
Rice_3_44029	TAMI1	100.000	32	0	0	57	88	1	32	4.11e-11	60.2
Rice_3_44029	TAMI1	100.000	32	0	0	181	212	32	1	4.11e-11	60.2
Rice_1_128380	MuDR-N162_OS	90.909	88	6	2	876	962	672	758	9.00e-28	117
Rice_2_116526	MuDR-N162_OS	98.153	758	8	1	1	752	1	758	0.0	1321
Rice_2_116526	MuDR-N162_OS	97.203	143	3	1	610	752	142	1	3.98e-65	241
Rice_2_116526	MuDR-N162_OS	96.503	143	4	1	1	142	758	616	1.85e-63	235
Rice_1_191004	EXPLORER	93.839	211	8	2	3	209	210	1	2.23e-87	313
Rice_3_84359	DITTO	89.370	254	16	7	1	253	1	244	3.48e-86	309
Rice_3_84359	DNA9-34C_OS	86.220	254	24	2	1	253	439	196	2.12e-73	267
Rice_1_95626	DITTO	93.443	244	16	0	1	244	1	244	5.22e-102	363
Rice_1_95626	DITTO	93.697	238	15	0	250	487	238	1	2.43e-100	357
Rice_1_95626	DNA9-34C_OS	91.020	245	22	0	1	245	439	195	1.14e-93	335
Rice_1_95626	DNA9-34C_OS	90.756	238	22	0	250	487	202	439	8.86e-90	322
Rice_2_143578	DNA9-34C_OS	92.405	237	18	0	199	435	440	204	6.04e-96	342
Rice_2_143578	DITTO	92.373	236	18	0	200	435	1	236	2.81e-94	337
Rice_2_143578	DITTO	92.553	188	13	1	1	187	238	51	1.04e-73	268
Rice_3_136683	DITTO	96.581	234	8	0	44	277	244	11	4.75e-110	388
Rice_3_136683	DNA9-34C_OS	86.809	235	31	0	43	277	195	429	2.32e-73	267
Rice_2_175287	DITTO	95.217	230	11	0	1	230	15	244	9.78e-103	364
Rice_2_175287	DNA9-34C_OS	88.362	232	27	0	1	232	425	194	2.82e-78	283
Rice_2_63415	TYPEU1	97.159	352	9	1	1	351	364	13	1.21e-171	593
Rice_2_63415	TYPEU1	91.808	354	20	6	1	349	17	366	7.58e-139	484
Rice_2_63415	TYPEU2	86.000	350	48	1	1	349	366	17	1.71e-105	374
Rice_2_63415	TYPEU2	85.876	354	41	6	1	349	19	368	7.96e-104	368
Rice_2_63415	TYPEU	79.605	304	58	4	27	327	319	17	1.10e-57	215
Rice_2_63415	TYPEU	79.412	306	55	7	21	321	17	319	5.11e-56	209
Rice_1_58850	TYPEU2	86.981	361	45	2	1	359	14	374	6.22e-115	405
Rice_1_58850	TYPEU2	86.921	367	34	10	1	359	371	11	2.89e-113	399
Rice_1_58850	hAT-N88_OS	86.196	326	17	14	1	325	396	694	1.38e-91	327
Rice_1_58850	hAT-N88_OS	80.606	330	30	21	33	358	693	394	1.87e-60	224
Rice_1_58850	TYPEU	82.012	328	54	5	26	349	17	343	1.83e-75	274
Rice_3_146846	TYPEU	95.925	319	12	1	4	321	328	10	2.45e-148	516
Rice_3_146846	TYPEU2	85.993	307	39	4	16	320	337	33	4.42e-91	326
Rice_3_146846	TYPEU1	82.258	310	51	4	13	320	338	31	9.78e-73	265
Rice_3_146846	TYPEU1	80.707	311	54	5	1	308	31	338	2.13e-64	237
Rice_3_146846	hAT-N88_OS	79.545	264	33	14	13	274	694	450	7.89e-44	169
Rice_3_183345	TYPEU2	83.281	317	28	13	4	299	337	25	7.01e-74	268
Rice_3_183345	TYPEU2	82.857	315	37	6	2	299	46	360	2.52e-73	267
Rice_3_183345	hAT-N88_OS	84.559	272	15	11	1	269	427	674	1.18e-66	244
Rice_3_183345	TYPEU1	79.747	316	45	15	2	299	44	358	1.20e-56	211
Rice_3_183345	TYPEU1	78.683	319	43	21	2	299	337	23	5.62e-50	189
Rice_3_183345	TYPEU	81.749	263	38	10	2	255	24	285	1.20e-56	211
Rice_3_178288	EnSpm-N5_OS	90.561	392	20	14	118	500	163	546	3.05e-144	503
Rice_3_178288	EnSpm-N5_OS	93.636	220	9	5	1	217	1	218	2.55e-90	324
Rice_3_178288	EnSpm-N5_OS	89.011	91	8	2	120	210	201	113	2.16e-26	111
Rice_1_56633	EnSpm-N5_OS	87.342	79	4	3	112	190	121	193	4.68e-19	86.1
Rice_1_56633	EnSpm-N5_OS	100.000	32	0	0	158	189	120	151	2.84e-11	60.2
Rice_1_109815	hAT-N79_OS	96.992	133	4	0	220	352	133	1	1.83e-60	224
Rice_1_109815	hAT-N79_OS	93.137	102	5	1	1	100	289	188	1.13e-37	148
Rice_1_159173	hAT-N79_OS	97.924	289	5	1	1	288	289	1	2.19e-143	499
Rice_2_82268	hAT-N11_OS	85.502	607	64	12	1	589	1	601	5.71e-177	612
Rice_2_82268	hAT-N11B_OS	88.103	311	25	7	281	589	228	528	8.22e-101	359
Rice_2_82268	hAT-N11B_OS	91.603	131	11	0	199	329	200	330	1.91e-47	182
Rice_3_161525	hAT-N11B_OS	94.888	489	15	6	72	559	49	528	0.0	758
Rice_3_188145	MUDRN2_OS	84.424	764	102	16	1	755	756	1	0.0	736
Rice_3_188145	MUDRN2_OS	84.204	766	100	17	1	755	1	756	0.0	725
Rice_3_188145	MUDRN1_OS	75.439	342	55	19	419	755	447	764	1.50e-34	139
Rice_1_132252	MUDRN2_OS	92.808	292	11	4	580	861	292	1	2.54e-117	414
Rice_1_132252	MUDRN2_OS	92.808	292	12	3	579	861	465	756	2.54e-117	414
Rice_1_132252	MUDRN2_OS	91.497	294	12	4	1	282	756	464	1.19e-110	392
Rice_1_132252	MUDRN2_OS	90.847	295	14	4	1	282	1	295	7.17e-108	383
Rice_2_201687	MuDR-N27_OS	85.393	178	19	7	670	842	528	703	3.55e-46	178
Rice_1_118155	MUDRN1_OS	93.806	775	28	7	1	766	1	764	0.0	1147
Rice_1_125515	DELAY	94.690	226	12	0	1	226	226	1	5.05e-99	351
Rice_2_98432	DELAY	86.802	197	23	3	13	207	205	10	1.75e-58	217
Rice_3_40221	Mariner-N3_OS	97.817	229	4	1	1	228	229	1	8.35e-112	394
Rice_1_42673	STOWAWAY14_OS	97.266	256	7	0	1	256	258	3	5.64e-124	435
Rice_3_3657	OLO24C	92.570	323	12	5	1	312	354	33	2.07e-129	453
Rice_3_3657	OLO24B	89.590	317	22	9	23	335	315	6	4.57e-111	392
Rice_3_3657	OLO24A	86.957	276	26	5	37	305	273	1	7.92e-84	302
Rice_1_48605	OLO24C	93.082	318	9	5	30	334	38	355	4.12e-129	453
Rice_1_48605	OLO24C	94.891	274	11	1	361	631	311	38	8.97e-121	425
Rice_1_48605	OLO24B	87.798	336	26	11	330	657	334	6	7.09e-107	379
Rice_1_48605	OLO24B	88.704	301	24	9	31	328	37	330	9.23e-101	359
Rice_1_48605	OLO24A	86.957	276	27	6	31	300	1	273	1.58e-83	302
Rice_1_48605	OLO24A	86.957	276	27	5	361	630	273	1	1.58e-83	302
Rice_1_158965	OLO24C	94.306	281	14	2	8	287	312	33	3.00e-122	429
Rice_1_158965	OLO24B	92.568	296	14	7	1	295	310	22	6.49e-119	418
Rice_1_158965	OLO24A	87.681	276	27	5	9	280	273	1	8.75e-88	315
Rice_1_163640	OLO24C	94.981	259	11	2	38	294	51	309	5.71e-115	405
Rice_1_163640	OLO24B	89.558	249	20	6	47	294	56	299	1.28e-86	311
Rice_1_163640	OLO24A	87.402	254	27	5	43	294	21	271	2.16e-79	287
Rice_3_76	OLO24C	92.308	260	17	2	48	304	310	51	2.77e-103	366
Rice_3_76	OLO24A	87.451	255	26	4	48	299	272	21	6.17e-80	289
Rice_3_76	OLO24B	87.200	250	25	7	48	295	300	56	1.33e-76	278
Rice_3_76	OLO24	83.043	230	29	8	49	271	307	81	2.97e-53	200
Rice_3_76	OLO24	79.286	140	24	5	96	232	88	225	5.19e-21	93.5
Rice_3_76	TOURIST6A_OS	80.189	212	34	8	78	285	4	211	8.44e-39	152
Rice_1_169628	OLO24B	85.119	336	37	9	1	334	330	6	9.95e-93	331
Rice_1_169628	OLO24C	90.351	228	21	1	31	257	312	85	1.01e-82	298
Rice_1_169628	OLO24A	88.696	230	19	7	32	258	273	48	1.70e-75	274
Rice_1_155134	OLO24	96.418	335	10	2	6	339	6	339	7.23e-159	551
Rice_1_155134	OLO24	80.690	145	26	2	113	256	232	89	1.46e-26	111
Rice_1_155134	OLO24A	85.153	229	27	5	81	307	48	271	1.38e-61	228
Rice_1_155134	OLO24A	76.786	224	43	9	84	304	226	9	3.13e-28	117
Rice_2_197316	NDNA2TNA_OS	89.902	307	28	3	13	317	320	15	4.26e-111	392
Rice_2_197316	NDNA2TNA_OS	80.449	312	46	14	2	305	16	320	1.64e-60	224
Rice_2_197316	NDNA1TNA_OS	88.652	282	26	6	37	314	294	15	5.63e-95	339
Rice_3_56539	NDNA1TNA_OS	96.386	332	12	0	39	370	3	334	1.01e-157	547
Rice_3_56539	NDNA2TNA_OS	86.716	271	34	2	62	330	26	296	3.13e-83	300
Rice_1_164013	NDNA1TNA_OS	99.701	334	1	0	103	436	334	1	4.40e-177	612
Rice_2_135968	Harbinger-N35_OS	95.131	267	10	2	4	267	1	267	5.92e-119	418
Rice_3_87782	MDM1	88.674	362	5	29	1	362	326	1	4.85e-116	409
Rice_2_166122	MuDR-N31_OS	95.702	349	14	1	1	349	356	9	1.22e-161	560
Rice_2_166122	MuDR-N31_OS	88.983	118	10	3	1	116	8	124	5.22e-36	143
Rice_2_191231	MuDR-N31B_OS	83.846	130	20	1	245	373	234	363	7.30e-30	122
Rice_2_191231	MuDR-N31B_OS	82.906	117	20	0	257	373	117	1	7.35e-25	106
Rice_3_208210	TOURIST-XI	86.139	202	23	1	2	203	219	23	2.83e-57	213
Rice_3_208210	TOURIST-IX	89.024	164	17	1	1	163	326	163	6.12e-54	202
Rice_3_208210	TOURIST-IX	81.395	172	16	5	85	255	157	1	3.79e-31	126
Rice_1_119894	STOWAWAY46_OS	91.429	70	4	2	34	102	69	1	3.87e-22	95.3
Rice_1_119894	STOWAWAY47_OS	89.855	69	7	0	34	102	69	1	1.80e-20	89.8
Rice_1_23097	STOWAWAY47_OS	89.655	58	6	0	5	62	144	87	5.16e-16	75.0
Rice_1_23097	STOWAWAY47_OS	89.091	55	6	0	5	59	1	55	2.40e-14	69.4
Rice_1_23097	STOWAWAY47_OS	94.872	39	2	0	63	101	39	1	4.02e-12	62.1
Rice_1_23097	STOWAWAY47_OS	94.872	39	2	0	63	101	106	144	4.02e-12	62.1
Rice_2_142727	TELIA	95.035	141	7	0	1	141	1	141	2.45e-60	222
Rice_3_113034	TELIA	95.495	111	5	0	1	111	125	15	4.13e-47	178
Rice_1_182241	Mariner-N17_OS	84.211	152	20	4	45	194	46	195	9.68e-37	145
Rice_1_182241	STOWAWAY15-2_OS	100.000	31	0	0	1	31	1	31	1.30e-10	58.4
Rice_1_97783	STOWAWAY15-2_OS	100.000	31	0	0	225	255	31	1	1.49e-10	58.4
Rice_3_43004	STOWAWAY2_OS	79.290	169	23	9	29	185	35	203	3.69e-26	110
Rice_3_43004	STOWAWAY15-2_OS	100.000	31	0	0	217	247	31	1	1.36e-10	58.4
Rice_2_96648	TREP215	94.043	235	14	0	23	257	1	235	1.25e-100	357
Rice_2_96648	TREP215	78.333	240	42	10	23	257	235	1	2.95e-37	147
Rice_2_96648	TNR1	91.632	239	14	4	23	257	1	237	3.53e-91	326
Rice_2_530	TREP215	98.298	235	4	0	93	327	1	235	3.41e-117	412
Rice_2_530	TREP215	81.667	240	34	10	93	327	235	1	1.74e-50	191
Rice_3_128140	TREP215	89.362	235	24	1	22	255	235	1	1.06e-81	294
Rice_3_128140	STOWAWAY2_OS	80.080	251	32	11	22	255	1	250	5.19e-45	172
Rice_3_14798	DNA9-44_OS	100.000	453	0	0	476	928	218	670	0.0	837
Rice_3_14798	DNA9-44_OS	100.000	218	0	0	1	218	1	218	5.94e-114	403
Rice_3_14798	DNA9-44_OS	94.631	149	3	5	780	928	144	1	1.38e-60	226
Rice_3_14798	DNA9-44_OS	94.631	149	3	5	1	144	670	522	1.38e-60	226
Rice_2_198701	STOWAWAY2_OS	85.281	231	23	8	1	220	250	20	2.57e-62	230
Rice_2_1483	STOWAWAY2_OS	83.983	231	25	10	40	258	20	250	2.96e-57	213
Rice_2_1483	STOWAWAY2_OS	90.123	81	6	1	28	106	247	167	1.86e-24	104
Rice_1_108419	STOWAWAY2_OS	82.996	247	26	13	24	254	247	1	1.09e-56	211
Rice_1_108419	STOWAWAY2_OS	90.476	84	6	1	173	254	167	250	4.08e-26	110
Rice_2_77370	Mariner-N17_OS	93.191	235	16	0	1	235	3	237	2.45e-97	346
Rice_2_77370	Mariner-N17_OS	79.661	236	40	6	4	235	234	3	2.65e-42	163
Rice_2_77370	STOWAWAY2_OS	82.996	247	27	11	4	235	247	1	9.32e-57	211
Rice_2_82899	Harbinger-N7_OS	99.599	499	1	1	1	498	499	1	0.0	909
Rice_3_99608	Harbinger-N7B_OS	100.000	530	0	0	6	535	1	530	0.0	979
Rice_3_99608	Harbinger-N89_OS	88.372	129	14	1	407	535	128	1	3.78e-39	154
Rice_3_98191	GAIJIN	93.571	140	6	2	3	139	147	8	5.09e-55	206
Rice_3_98191	GAIJIN	83.333	132	12	6	149	270	13	144	3.18e-27	113
Rice_3_102826	GAIJIN	95.105	143	7	0	1	143	2	144	1.99e-61	226
Rice_2_130671	GAIJIN	95.918	147	6	0	4	150	1	147	5.44e-65	239
Rice_2_130671	GAIJIN	95.890	146	6	0	151	296	147	2	1.96e-64	237
Rice_1_85598	GAIJIN	95.105	143	7	0	94	236	3	145	3.36e-61	226
Rice_1_85598	GAIJIN	94.565	92	4	1	3	93	147	56	1.25e-35	141
Rice_2_39066	GAIJIN	94.558	147	8	0	17	163	1	147	6.62e-62	228
Rice_2_199025	UNIQUE	93.985	133	7	1	16	147	26	158	1.20e-53	200
Rice_3_85340	JOUZHEN	91.137	598	38	6	1	585	596	1	0.0	797
Rice_3_118715	UNIQUE	93.277	119	7	1	13	130	155	37	8.86e-46	174
Rice_1_205622	Mariner-N9_OS	93.776	241	14	1	1	241	1	240	2.50e-102	363
Rice_1_205622	Mariner-N9_OS	82.449	245	34	9	1	241	240	1	4.46e-55	206
Rice_2_139483	Mariner-N9_OS	93.839	211	12	1	1	211	225	16	4.75e-89	318
Rice_2_120213	WANDERER	85.556	180	23	3	43	220	34	212	5.78e-49	185
Rice_2_120213	Harbinger-N9B_OS	89.655	145	14	1	60	203	60	204	2.08e-48	183
Rice_2_120213	Harbinger-N1_OS	89.773	88	9	0	102	189	139	52	2.77e-27	113
Rice_1_79461	WANDERER	85.556	180	23	3	22	199	212	34	5.68e-49	185
Rice_1_79461	Harbinger-N9B_OS	89.655	145	14	1	39	182	204	60	2.04e-48	183
Rice_1_79461	Harbinger-N1_OS	89.773	88	9	0	53	140	52	139	2.72e-27	113
Rice_3_44505	WANDERER	83.616	177	22	7	22	194	211	38	3.53e-41	159
Rice_3_44505	Harbinger-N1_OS	88.636	88	10	0	52	139	52	139	1.30e-25	108
Rice_2_29743	WANDERER	85.393	178	21	3	45	217	34	211	2.68e-47	180
Rice_2_29743	Harbinger-N9B_OS	87.755	147	14	2	59	201	58	204	5.79e-44	169
Rice_3_3697	Harbinger-N9B_OS	88.966	145	13	2	32	173	60	204	2.67e-46	176
Rice_3_3697	WANDERER	86.709	158	17	2	35	188	53	210	3.45e-45	172
Rice_3_3697	Harbinger-N1_OS	87.500	88	10	1	73	159	139	52	1.65e-23	100
Rice_3_34248	WANDERER	84.444	180	23	5	22	198	211	34	4.50e-45	172
Rice_3_34248	Harbinger-N1_OS	86.364	88	12	0	52	139	52	139	2.79e-22	97.1
Rice_1_203101	Harbinger-N10_OS	96.708	243	8	0	1	243	243	1	4.13e-115	405
Rice_1_203101	Harbinger-N10_OS	100.000	39	0	0	205	243	205	243	4.76e-15	73.1
Rice_1_192400	Harbinger-N9B_OS	86.585	164	18	3	43	204	43	204	9.80e-47	178
Rice_1_192400	Harbinger-N9_OS	85.276	163	23	1	43	204	43	205	2.12e-43	167
Rice_3_67143	WANDERER	93.939	231	9	3	5	230	1	231	8.61e-97	344
Rice_3_67143	Harbinger-N9B_OS	89.506	162	16	1	34	194	43	204	1.52e-54	204
Rice_3_67143	Harbinger-N9_OS	87.117	163	19	2	34	194	43	205	1.99e-48	183
Rice_3_67143	Harbinger-N1_OS	83.221	149	22	3	33	180	198	52	2.03e-33	134
Rice_3_62305	WANDERER	83.710	221	21	8	1	216	1	211	9.47e-52	195
Rice_3_62305	Harbinger-N9B_OS	91.045	134	9	1	70	200	71	204	9.54e-47	178
Rice_3_156312	WANDERER	82.988	241	26	11	3	237	232	1	1.60e-54	204
Rice_3_156312	Harbinger-N9B_OS	88.060	134	13	2	40	171	204	72	4.53e-40	156
Rice_3_156312	Harbinger-N9_OS	86.667	135	14	3	40	171	205	72	2.73e-37	147
Rice_3_156312	Harbinger-N1_OS	85.366	123	17	1	54	175	52	174	3.55e-31	126
Rice_2_141075	Harbinger-N9B_OS	83.951	162	23	3	50	210	60	219	5.65e-39	152
Rice_3_18550	STOWAWAY11_OS	97.945	292	6	0	157	448	1	292	2.48e-145	507
Rice_3_18550	STOWAWAY11_OS	100.000	32	0	0	417	448	32	1	8.34e-11	60.2
Rice_3_18550	STOWAWAY11_OS	100.000	32	0	0	157	188	292	261	8.34e-11	60.2
Rice_3_18550	Harbinger-N9B_OS	86.400	125	14	2	38	159	204	80	4.84e-33	134
Rice_3_157742	Harbinger-N9_OS	93.913	230	12	2	14	242	229	1	2.53e-97	346
Rice_3_157742	Harbinger-N9B_OS	96.552	203	7	0	40	242	203	1	1.52e-94	337
Rice_2_139760	Harbinger-N1_OS	97.585	207	5	0	1	207	31	237	3.55e-100	355
Rice_2_139760	WANDERER	82.645	121	20	1	22	141	181	61	3.94e-25	106
Rice_3_907	Harbinger-N1_OS	93.182	220	15	0	19	238	226	7	1.17e-90	324
Rice_3_907	WANDERER	80.124	161	25	6	48	203	34	192	2.77e-27	113
Rice_2_82906	Harbinger-N1_OS	94.737	171	9	0	18	188	47	217	1.54e-73	267
Rice_3_191957	Harbinger-N1_OS	85.549	173	23	2	4	176	222	52	2.38e-47	180
Rice_1_78483	hAT-N46_OS	98.257	746	7	4	1	740	1	746	0.0	1301
Rice_3_89197	STOWAWAY11_OS	98.288	292	5	0	27	318	1	292	3.14e-147	512
Rice_3_89197	STOWAWAY11_OS	100.000	32	0	0	287	318	32	1	4.92e-11	60.2
Rice_3_89197	STOWAWAY11_OS	100.000	32	0	0	27	58	292	261	4.92e-11	60.2
Rice_3_178424	STOWAWAY12_OS	95.833	312	13	0	194	505	312	1	9.77e-145	505
Rice_3_178424	STOWAWAY12_OS	100.000	29	0	0	477	505	284	312	4.25e-09	54.7
Rice_3_178424	STOWAWAY11_OS	95.337	193	9	0	1	193	12	204	2.96e-85	307
Rice_3_178424	STOWAWAY11_OS	95.946	74	2	1	504	577	201	273	1.49e-28	119
Rice_3_17023	STOWAWAY11_OS	89.899	198	15	1	17	209	238	41	3.49e-68	250
Rice_3_17023	STOWAWAY11_OS	88.889	198	17	1	196	388	41	238	7.55e-65	239
Rice_3_127171	STOWAWAY12_OS	97.436	312	8	0	1	312	312	1	2.36e-153	532
Rice_3_127171	STOWAWAY12_OS	100.000	29	0	0	284	312	284	312	2.24e-09	54.7
Rice_2_163128	OSTE18	97.778	45	1	0	37	81	63	19	4.08e-17	78.7
Rice_2_163128	OSTE18	100.000	42	0	0	37	78	67	108	4.08e-17	78.7
Rice_2_33688	OSTE18	95.122	41	2	0	35	75	59	19	3.00e-13	65.8
Rice_2_33688	OSTE18	97.368	38	1	0	35	72	71	108	3.00e-13	65.8
Rice_2_39461	OSTE18	90.323	124	11	1	1	124	126	4	4.73e-42	161
Rice_2_39461	OSTE18	89.256	121	12	1	1	121	4	123	1.02e-38	150
Rice_2_123428	OSTE18	95.000	60	3	0	43	102	62	3	3.87e-22	95.3
Rice_2_123428	OSTE18	95.000	60	3	0	43	102	68	127	3.87e-22	95.3
Rice_1_75149	OSTE18	87.500	120	6	2	1	111	128	9	1.17e-32	130
Rice_1_75149	OSTE18	85.714	119	8	2	2	111	3	121	9.13e-29	117
Rice_1_131659	F569	96.070	229	8	1	1	229	1	228	3.93e-105	372
Rice_2_183210	F569	96.059	203	7	1	1	203	202	1	2.13e-92	329
Rice_1_165609	hAT-N22_OS	98.491	265	1	3	3	266	1	263	7.49e-133	464
Rice_1_165609	hAT-N22B_OS	97.222	36	1	0	3	38	1	36	1.15e-11	62.1
Rice_3_183139	hAT-N22B_OS	97.561	205	1	2	5	206	206	3	5.93e-98	348
Rice_3_94794	Harbinger-N90_OS	97.810	137	2	1	67	203	42	177	4.72e-64	235
Rice_3_94794	COWARD-3	85.586	222	12	6	1	203	1	221	6.15e-58	215
Rice_3_94794	hAT-N41_OS	84.021	194	29	2	6	198	451	643	4.82e-49	185
Rice_1_107099	Harbinger-N90_OS	86.486	185	16	3	1	184	177	1	7.19e-52	195
Rice_1_107099	COWARD-3	88.816	152	11	4	1	147	221	71	5.60e-48	182
Rice_2_3926	Harbinger-N90_OS	92.655	177	3	1	1	167	177	1	1.76e-67	246
Rice_2_3926	COWARD-3	88.971	136	10	3	1	132	221	87	1.82e-42	163
Rice_1_198898	hAT-N41_OS	98.011	754	4	2	1	743	1	754	0.0	1299
Rice_1_72444	hAT-N41_OS	93.909	197	4	5	4	192	647	451	9.45e-81	291
Rice_1_83062	COWARD-3	82.684	231	24	11	1	225	1	221	1.16e-50	191
Rice_1_113877	MuDR-N11_OS	98.927	466	4	1	1	465	466	1	0.0	832
Rice_1_113877	MuDR-N11_OS	93.865	163	10	0	1	163	1	163	5.23e-67	246
Rice_1_39302	MuDR-N11_OS	95.556	180	5	3	175	351	287	466	8.25e-79	285
Rice_1_39302	MuDR-N11_OS	92.935	184	11	2	1	182	1	184	2.99e-73	267
Rice_1_39302	MuDR-N11_OS	93.182	176	11	1	1	175	466	291	1.80e-70	257
Rice_1_39302	MuDR-N11_OS	93.333	165	11	0	187	351	165	1	1.40e-66	244
Rice_1_54376	MuDR-N11_OS	80.702	114	20	2	877	989	113	1	7.28e-19	87.9
Rice_3_117878	hAT-N5_OS	99.479	192	0	1	1	192	191	1	5.47e-98	348
Rice_3_117878	hAT-N5B_OS	90.991	111	9	1	1	110	235	125	5.95e-38	148
Rice_1_98453	hAT-N5B_OS	99.574	235	0	1	1	234	1	235	8.46e-122	427
Rice_1_98453	hAT-N5_OS	90.090	111	9	2	125	234	82	191	3.43e-36	143
Rice_2_160965	MuDR-N10_OS	97.736	530	12	0	1	530	530	1	0.0	915
Rice_2_160965	MuDR-N10_OS	91.367	139	11	1	1	139	1	138	1.02e-49	189
Rice_2_160965	MuDR-N10_OS	91.367	139	11	1	393	530	392	530	1.02e-49	189
Rice_3_189114	MuDR-N40_OS	99.561	684	2	1	1	683	1	684	0.0	1245
Rice_3_189114	MuDR-N40_OS	93.103	174	12	0	510	683	174	1	1.29e-69	255
Rice_3_189114	MuDR-N40_OS	93.103	174	11	1	1	173	684	511	4.63e-69	254
Rice_1_104945	STOWAWAY41_OS	91.538	260	19	2	1	257	3	262	4.48e-100	355
Rice_1_104945	STOWAWAY41_OS	85.551	263	29	8	1	257	262	3	2.16e-73	267
Rice_2_162322	MuDR-N15_OS	90.678	118	10	1	418	535	382	498	1.05e-39	156
Rice_2_162322	MuDR-N15_OS	89.286	112	12	0	424	535	112	1	2.93e-35	141
Rice_2_162322	MuDR-N15_OS	86.885	122	16	0	1	122	1	122	3.80e-34	137
Rice_3_127335	CLOUD-3	88.087	277	30	3	1	276	550	276	5.50e-91	326
Rice_3_127335	MuDR-N15_OS	82.540	189	32	1	1	189	498	311	1.27e-42	165
Rice_3_127335	MuDR-N15_OS	86.719	128	17	0	1	128	1	128	5.95e-36	143
Rice_2_116745	CLOUD-2	85.754	716	63	21	1	682	1	711	0.0	721
Rice_2_116745	Mudr5-N1_OS	94.062	421	20	3	265	682	111	529	0.0	649
Rice_2_116745	Mudr5-N1_OS	98.261	115	2	0	1	115	1	115	1.70e-53	202
Rice_1_96882	Mudr5-N1_OS	97.059	34	1	0	227	260	119	152	8.34e-11	60.2
Rice_3_212861	MuDR-N74C_OS	87.368	570	33	16	1	546	555	1	1.14e-178	617
Rice_3_212861	MuDR-N74B_OS	86.643	554	63	10	1	546	551	1	3.18e-174	603
Rice_3_212861	MuDR-N74_OS	82.867	572	53	23	1	546	553	1	9.36e-135	472
Rice_2_72369	MuDR-N15_OS	99.598	498	2	0	1	498	1	498	0.0	911
Rice_2_7609	MuDR-N280_OS	86.255	713	72	11	1	708	1	692	0.0	750
